597821.7729928435 4092941.4239748153
597821.7729928435 4092941.4239748153
597821.7704735425 4092941.4231482563
597821.7672518576 4092941.421664142
597821.7618640049 4092941.4188428875
597821.7604007674 4092941.417797871
597821.7582362781 4092941.4154035873
597821.7582362781 4092941.4154035873
597821.7566311485 4092941.4138252097
597821.7552875604 4092941.411964612
597821.7545133458 4092941.41065837
597821.7496552755 4092941.4055702235
597821.7470081155 4092941.40325448
597821.7430681108 4092941.3997798013
597821.7406680309 4092941.398016764
597821.7368497007 4092941.3940384225
597821.7353488416 4092941.3920014095
597821.7342847416 4092941.3909903984
597821.7331332273 4092941.390462429
597821.7326745635 4092941.3899141513
597821.7326745635 4092941.3899141513
597821.7286655104 4092941.389091684
597821.726563301 4092941.389103039
597821.7266787831 4092941.389262101
597821.7264564383 4092941.389084486
597821.7239623687 4092941.388298095
597821.7194201142 4092941.3854310643
597821.7174616088 4092941.38386882
597821.7133598864 4092941.381335225
597821.7117946708 4092941.37956181
597821.7109409141 4092941.3785732384
597821.7085384576 4092941.376393223
597821.7076347006 4092941.375016862
597821.7050575266 4092941.373473705
597821.7003140865 4092941.371292539
597821.6971550997 4092941.3680629693
597821.6956477645 4092941.367548905
597821.6930630405 4092941.366838774
597821.6919574088 4092941.366408715
597821.6900036074 4092941.363952647
597821.6887157155 4092941.3631647066
597821.685369907 4092941.359610243
597821.6842976705 4092941.358993178
597821.6810607263 4092941.3572086636
597821.6794101866 4092941.3562030513
597821.6781661258 4092941.3551209415
597821.676211728 4092941.353879929
597821.6708288353 4092941.349110764
597821.6689945285 4092941.3473727726
597821.6684529766 4092941.346218502
597821.6657268294 4092941.3436556514
597821.6644356532 4092941.3419512124
597821.6609257455 4092941.3395463135
597821.6596613884 4092941.338440835
597821.6570890369 4092941.336330611
597821.6558226512 4092941.334970624
597821.6558021089 4092941.3336435976
597821.6535693619 4092941.3291157964
597821.6516932158 4092941.326995767
597821.6493403328 4092941.324426781
597821.6461124733 4092941.320445336
597821.6439871872 4092941.3171113953
597821.6432801364 4092941.3150484716
597821.6421068058 4092941.3135589636
597821.6410771058 4092941.3104794635
597821.6412434686 4092941.3091318305
597821.63978317 4092941.3069383637
597821.6387705901 4092941.305589511
597821.6357189154 4092941.303486455
597821.6345592677 4092941.301264224
597821.6313119375 4092941.2979390332
597821.6279984942 4092941.29646774
597821.6264763965 4092941.294748236
597821.6223436487 4092941.290367259
597821.6215665339 4092941.288894184
597821.6195847662 4092941.2858828856
597821.6132876464 4092941.281115236
597821.6116462196 4092941.279862814
597821.6068890482 4092941.275263917
597821.6033272167 4092941.270773253
597821.6013955394 4092941.2687150454
597821.5978858162 4092941.2658286006
597821.5920557217 4092941.261321652
597821.5902918741 4092941.259549969
597821.5860857357 4092941.256259589
597821.579290917 4092941.2494870615
597821.5743996246 4092941.245900859
597821.5724999814 4092941.244546569
597821.5683025706 4092941.241895947
597821.5641069869 4092941.2383701233
597821.5617982184 4092941.236508831
597821.5583819785 4092941.232180949
597821.5564097113 4092941.229391875
597821.5524080282 4092941.2249152125
597821.5501584765 4092941.222508393
597821.5459488191 4092941.215807789
597821.5442408522 4092941.213770613
597821.5418012762 4092941.210352245
597821.5375682354 4092941.2043301966
597821.5341433756 4092941.19823935
597821.5329922388 4092941.1955584697
597821.5318357968 4092941.1914249044
597821.5294294796 4092941.1891669966
597821.5266955129 4092941.18539136
597821.5260487305 4092941.1831791676
597821.5238087768 4092941.1782921683
597821.5231790938 4092941.1757821618
597821.5217778485 4092941.1738065793
597821.5193563846 4092941.1692344467
597821.5180059073 4092941.16708145
597821.5162713035 4092941.1641415674
597821.5132995077 4092941.1585910874
597821.5119128838 4092941.1557116276
597821.5091925429 4092941.1501976093
597821.5077823112 4092941.1477278355
597821.5065005869 4092941.1458060667
597821.5035699921 4092941.1401703223
597821.5024974826 4092941.1376093808
597821.5005859286 4092941.1333652544
597821.4984580755 4092941.126673028
597821.4973893054 4092941.124376014
597821.4955602159 4092941.1189486757
597821.4941539023 4092941.114257496
597821.4931290165 4092941.112316312
597821.4906583123 4092941.10916794
597821.489197457 4092941.1071332614
597821.488652327 4092941.105244162
597821.4855132726 4092941.101404432
597821.4849667618 4092941.09990091
597821.4834603616 4092941.095929276
597821.48201606 4092941.0937600145
597821.4833186057 4092941.0873403475
597821.4854700569 4092941.086060637
597821.4894002221 4092941.083527402
597821.4941622379 4092941.083313555
597821.4957703357 4092941.0832854724
597821.4976878456 4092941.0832784623
597821.4978601676 4092941.081010963
597821.497747505 4092941.079796259
597821.4952587317 4092941.075512271
597821.4891465043 4092941.068534589
597821.4876071758 4092941.063454402
597821.4821932388 4092941.0514501682
597821.4799858445 4092941.048705393
597821.4748360364 4092941.0409791176
597821.472971375 4092941.0378320096
597821.4693329411 4092941.0309128137
597821.4681792911 4092941.02752078
597821.4533814037 4092941.0136718825
597821.4387059681 4092941.0035689035
597821.4172281629 4092940.9970509456
597821.4052951209 4092940.9929228667
597821.3731473134 4092940.9787917826
597821.3538144567 4092940.9680352854
597821.3397475515 4092940.960367189
597821.2984174379 4092940.945601277
597821.2845065206 4092940.947878475
597821.2763607264 4092940.987321439
597821.2825345077 4092941.0160354925
597821.3049280667 4092941.0867959047
597821.3541215175 4092941.1833906304
597821.3900057148 4092941.2456099363
597821.4234373269 4092941.2991871056
597821.4443430513 4092941.339620293
597821.4541968051 4092941.360617619
597821.5143794233 4092941.451741294
597821.5392252128 4092941.48785245
597821.5565261482 4092941.5116504077
597821.5703511233 4092941.5310512166
597821.5990674727 4092941.572141167
597821.6370546177 4092941.624676213
597821.647878598 4092941.639298155
597821.6798693325 4092941.681012724
597821.6941008795 4092941.7006150414
597821.7254513896 4092941.7452206193
597821.7413827342 4092941.7686612494
597821.7740619079 4092941.814654188
597821.806967141 4092941.8645358966
597821.8232223709 4092941.8880854947
597821.8562372691 4092941.9354001028
597821.8773176529 4092941.964281735
597821.9091440868 4092942.0106857694
597821.922929159 4092942.031108066
597821.9615406342 4092942.0835980563
597821.9772182772 4092942.106658507
597822.0084445097 4092942.1521193003
597822.0264182469 4092942.178343586
597822.0562088832 4092942.221716423
597822.0745686833 4092942.2479497907
597822.1083512853 4092942.2952069254
597822.1266447214 4092942.3196941167
597822.1424499392 4092942.342519597
597822.1616281826 4092942.3689647457
597822.2007489026 4092942.4203321035
597822.2007489026 4092942.4203321035
597822.2538807944 4092942.4911741996
597822.293642597 4092942.5422213934
597822.3116687399 4092942.5669409554
597822.3445226677 4092942.611332739
597822.3797816962 4092942.6591869066
597822.3965021514 4092942.681401677
597822.4306583885 4092942.729062333
597822.4658289702 4092942.775314902
597822.4768842336 4092942.788973706
597822.514903097 4092942.83707269
597822.5369618502 4092942.8657900463
597822.5750700657 4092942.912749879
597822.5956271804 4092942.9373900727
597822.6333011118 4092942.980196796
597822.670260528 4092943.022183245
597822.6897242003 4092943.0453325
597822.7090981507 4092943.0671915836
597822.7496239516 4092943.11612515
597822.7870388337 4092943.160932385
597822.8095305773 4092943.186872627
597822.832289741 4092943.214205205
597822.8537911646 4092943.2407001085
597822.893369306 4092943.290886246
597822.9399028475 4092943.348259993
597822.9642451921 4092943.3786969744
597822.9826828799 4092943.4008453935
597823.0146854266 4092943.4758613463
597823.034552412 4092943.5000118106
597823.0807623218 4092943.556873053
597823.1052344862 4092943.586801482
597823.1311917858 4092943.6189175714
597823.170395922 4092943.665818927
597823.1902648063 4092943.690774975
597823.2303061672 4092943.7429103022
597823.2494136783 4092943.7674449487
597823.2737144679 4092943.7922158297
597823.3129248762 4092943.8435503314
597823.3582282263 4092943.901850859
597823.3729028181 4092943.9212247743
597823.370871207 4092943.9668068835
597823.3701974036 4092943.989996778
597823.3859826621 4092944.010444152
597823.4345947466 4092944.075021277
597823.4532477767 4092944.0979160084
597823.4942607421 4092944.1487577767
597823.5168221899 4092944.1766706617
597823.5365497416 4092944.2011893503
597823.5764068316 4092944.252356584
597823.5987089264 4092944.2792788553
597823.6367260927 4092944.326463876
597823.657155188 4092944.3521231557
597823.698319106 4092944.4049384254
597823.7124474033 4092944.4234436275
597823.7475323081 4092944.4685513745
597823.7660712734 4092944.491480897
597823.8022704122 4092944.5352330334
597823.8229860077 4092944.5603861823
597823.8402281022 4092944.5828870665
597823.8791186736 4092944.6316125146
597823.9129501204 4092944.676090499
597823.9282771759 4092944.697371935
597823.9648976364 4092944.7449775203
597823.9842003675 4092944.768687123
597824.0211336873 4092944.8174323775
597824.0449881565 4092944.8482223586
597824.0815510321 4092944.8935182467
597824.0815510321 4092944.8935182467
597824.1424048701 4092944.974709413
597824.163162204 4092945.0006455183
597824.1943067011 4092945.0400773124
597824.2449548336 4092945.10499927
597824.2654509987 4092945.132000719
597824.3062012562 4092945.185740993
597824.3265702736 4092945.2107080515
597824.3478663861 4092945.2368470426
597824.3780656088 4092945.2737421617
597824.3888581864 4092945.2887136624
597824.4017435564 4092945.3054296505
597824.4081269936 4092945.31382625
597824.4122924596 4092945.3194372966
597824.4198162348 4092945.3325572214
597824.4220593746 4092945.335638515
597824.4216651411 4092945.338751755
597824.4206677892 4092945.338143866
597824.419461067 4092945.3367547193
597824.4182565518 4092945.3355001565
597824.4155928084 4092945.333853655
597824.4142919503 4092945.332843656
597824.4129350651 4092945.3312155087
597824.4103070585 4092945.327679825
597824.4074019265 4092945.323756922
597824.4052607252 4092945.3211036446
597824.4033568791 4092945.3186291545
597824.3993859615 4092945.3131767698
597824.3973110295 4092945.311002104
597824.3951027574 4092945.3081798577
597824.3905890286 4092945.304165326
597824.388949295 4092945.3023914094
597824.3753733085 4092945.2815098525
597824.3741067728 4092945.280028281
597824.3708203563 4092945.274945433
597824.3685490936 4092945.272457302
597824.3646995217 4092945.269153079
597824.3627079391 4092945.267543294
597824.3573932664 4092945.2641333817
597824.3555225643 4092945.261366071
597824.3536835151 4092945.2597474987
597824.3502748751 4092945.2560192836
597824.3504385587 4092945.2550240452
597824.3500302229 4092945.254542334
597824.3488976217 4092945.2534923228
597824.350020397 4092945.255767803
597824.3523013903 4092945.258135157
597824.3640233739 4092945.2675649044
597824.4934238578 4092945.413205053
597824.7289635848 4092945.7001754497
597824.7379393596 4092945.7106016027
597824.7480086078 4092945.7224290767
597824.7717891457 4092945.750196114
597824.7967907047 4092945.77970481
597824.8079798148 4092945.7924242066
597824.8368114596 4092945.826801519
597824.8515975084 4092945.847585108
597824.8776842232 4092945.8823784483
597824.8956679273 4092945.9051173544
597824.9106807758 4092945.92537482
597824.9361889096 4092945.9589174883
597824.9629381857 4092945.995606398
597824.9815527765 4092946.020142478
597824.9815527765 4092946.020142478
597825.0381309596 4092946.0930274804
597825.0806539869 4092946.1506618657
597825.1162908089 4092946.19802423
597825.1352404918 4092946.223279577
597825.1574136177 4092946.2527570715
597825.191874195 4092946.297770157
597825.2141996515 4092946.3278212436
597825.2486396244 4092946.37388595
597825.2696927638 4092946.4014888406
597825.2917931149 4092946.431369407
597825.3353747622 4092946.488113808
597825.3522125975 4092946.5110650286
597825.3890290754 4092946.558688524
597825.4111818053 4092946.588918128
597825.4472015151 4092946.6386136445
597825.508262506 4092946.724100383
597825.5261410571 4092946.7483996046
597825.5670005035 4092946.8021308463
597825.5833496246 4092946.8253960186
597825.6199174902 4092946.8763063755
597825.6364945587 4092946.9002627237
597825.6726701228 4092946.952640386
597825.6898773897 4092946.9779746835
597825.7235454272 4092947.02299086
597825.7417217034 4092947.048664068
597825.7731746653 4092947.0935538406
597825.7901138552 4092947.1154955574
597825.827332084 4092947.1674848776
597825.8441939392 4092947.191007553
597825.8809437178 4092947.2384038554
597825.8999282499 4092947.2633134504
597825.9392906922 4092947.310556625
597825.9514954509 4092947.325868578
597825.9894470283 4092947.3750602654
597826.0076151489 4092947.399829948
597826.0431454978 4092947.443629807
597826.0664729704 4092947.473176246
597826.0850762768 4092947.4962654896
597826.1225048937 4092947.543685924
597826.138688912 4092947.564554764
597826.1756443677 4092947.613109182
597826.1975611763 4092947.640620606
597826.2199164745 4092947.6688653254
597826.2642308202 4092947.7274158206
597826.2839481249 4092947.751877635
597826.319982409 4092947.799359004
597826.343489559 4092947.8306007837
597826.3806880176 4092947.8797218506
597826.3806880176 4092947.8797218506
597826.4289991363 4092947.94655988
597826.4401330451 4092947.961191724
597826.4669764494 4092947.9959861217
597826.4848531333 4092948.015699534
597826.526065026 4092948.0544703715
597826.5389838413 4092948.0642699264
597826.5469842468 4092948.070043509
597826.5625693365 4092948.0824622647
597826.5735175938 4092948.0891507496
597826.5793990579 4092948.0932997377
597826.5896979077 4092948.1004881146
597826.594643987 4092948.1042176266
597826.6029022642 4092948.111030969
597826.6060675299 4092948.113043591
597826.608839734 4092948.1161268353
597826.6122015266 4092948.119018668
597826.6179428282 4092948.129193107
597826.619285302 4092948.132245992
597826.6282957532 4092948.1345915734
597826.6329747107 4092948.135748296
597826.652483926 4092948.1310583604
597826.6689159264 4092948.123509612
597826.682038341 4092948.1183135924
597826.7148734285 4092948.0996576357
597826.7324482743 4092948.08984994
597826.772744736 4092948.0637275707
597826.7938221283 4092948.0485354518
597826.8403437033 4092948.0158457006
597826.8582919388 4092948.003633051
597826.9004992469 4092947.974405366
597826.9172902144 4092947.962566224
597826.9627470375 4092947.9285742873
597826.9627470375 4092947.9285742873
597827.0290978211 4092947.876254453
597827.0560032632 4092947.853774761
597827.0974942223 4092947.8181344043
597827.117709351 4092947.8003009986
597827.1695911391 4092947.7550455774
597827.1937381554 4092947.732939476
597827.2325699163 4092947.6943537327
597827.2525829914 4092947.6756557375
597827.2997597407 4092947.627894396
597827.3194251928 4092947.6081451196
597827.3455330083 4092947.5826540133
597827.3995736532 4092947.5273912447
597827.4153946455 4092947.512276723
597827.4625050578 4092947.4659549105
597827.4863146177 4092947.4433089243
597827.5255802134 4092947.402994982
597827.5255802134 4092947.402994982
597827.5966316302 4092947.3357291846
597827.6117757512 4092947.3208421045
597827.6426946126 4092947.2887002835
597827.6557537959 4092947.2730779755
597827.6761149814 4092947.2461430095
597827.6864226308 4092947.2303625057
597827.7064729062 4092947.199950104
597827.7111741033 4092947.1916697416
597827.7153194057 4092947.181434481
597827.7243863527 4092947.1606757226
597827.7312394918 4092947.1449517724
597827.7343150012 4092947.1360745113
597827.7386119274 4092947.11732086
597827.7405042121 4092947.1098744674
597827.7430355566 4092947.101374333
597827.7430355566 4092947.101374333
597827.7495442308 4092947.0812855177
597827.7530001787 4092947.0736972434
597827.7607479487 4092947.05964285
597827.7627446147 4092947.0453075506
597827.7650401123 4092947.0291473093
597827.7639395447 4092947.014307063
597827.7568467183 4092946.9801168875
597827.752832554 4092946.963075175
597827.7374979703 4092946.9120498584
597827.728617331 4092946.887290257
597827.7081211546 4092946.8368543517
597827.6970591192 4092946.810536758
597827.6745977096 4092946.7554961666
597827.6644260072 4092946.7293324233
597827.6504994101 4092946.6971329493
597827.6203638848 4092946.6393378805
597827.5895945993 4092946.582538294
597827.5578341328 4092946.5270584747
597827.520088355 4092946.4646064355
597827.5045496181 4092946.4378264076
597827.4658154577 4092946.3801875785
597827.442757856 4092946.349198103
597827.4010975327 4092946.300299953
597827.3752175099 4092946.2720238394
597827.3247390615 4092946.217038331
597827.2970647892 4092946.1873134375
597827.2645149188 4092946.1521434244
597827.2211932108 4092946.108140909
597827.1964666959 4092946.083382109
597827.1422523757 4092946.030920539
597827.1216445179 4092946.010565053
597827.0724374241 4092945.9642196554
597827.0474602651 4092945.941440952
597826.9914004157 4092945.8908743053
597826.9613822554 4092945.8650099915
597826.931717384 4092945.838465798
597826.877126449 4092945.7892320384
597826.8545963616 4092945.768697398
597826.7977575045 4092945.718401501
597826.7690591767 4092945.6943175253
597826.7422526755 4092945.670256576
597826.6846857094 4092945.6169788768
597826.6536147607 4092945.587670889
597826.6093066329 4092945.546962457
597826.5492796471 4092945.4924354274
597826.4945567433 4092945.4429773027
597826.4664269068 4092945.418559669
597826.4168574472 4092945.371132842
597826.385337416 4092945.3429466817
597826.3284155593 4092945.291930694
597826.3011408709 4092945.266596187
597826.244423546 4092945.2141695656
597826.2125140311 4092945.1848701052
597826.1473617346 4092945.1247080294
597826.1171407321 4092945.0946389236
597826.0893507308 4092945.067753628
597826.0356264994 4092945.018556868
597826.0000475146 4092944.9863497014
597825.9444652022 4092944.9352267054
597825.9204165298 4092944.9128420874
597825.858991896 4092944.855547661
597825.8309178133 4092944.8284310154
597825.778771944 4092944.777813647
597825.7492639534 4092944.7493794826
597825.6916974664 4092944.692638317
597825.6657519143 4092944.666551346
597825.6392845095 4092944.640083165
597825.5730139909 4092944.5741632255
597825.5484167563 4092944.5498922295
597825.4952226996 4092944.4981086347
597825.4696171585 4092944.4719408406
597825.4212615651 4092944.421865833
597825.3945133046 4092944.396034384
597825.3400787795 4092944.3413724783
597825.3126020675 4092944.313876887
597825.256908816 4092944.2593516875
597825.2256117996 4092944.228873106
597825.2035922038 4092944.2074604384
597825.152070864 4092944.158385702
597825.1250808618 4092944.133294512
597825.0717156262 4092944.0796767646
597825.0418696426 4092944.04928152
597824.9929727778 4092944.0034276117
597824.9615449561 4092943.9740464347
597824.9345791956 4092943.9486310193
597824.8839241335 4092943.89988669
597824.8315346537 4092943.852014412
597824.8064849305 4092943.8270752686
597824.7561715719 4092943.7784066084
597824.726218348 4092943.7502186135
597824.6659654776 4092943.690945419
597824.6498013282 4092943.6752802967
597824.5844919683 4092943.6140416916
597824.567468227 4092943.598001476
597824.5081478577 4092943.541298271
597824.4826866543 4092943.516994094
597824.4420729388 4092943.4791623475
597824.386066837 4092943.427556299
597824.3587482077 4092943.4029789325
597824.30071991 4092943.349069527
597824.2733708171 4092943.3235935024
597824.2464120525 4092943.2979914392
597824.1869736542 4092943.241899914
597824.1197618182 4092943.178405229
597824.0995547948 4092943.158423572
597824.0394537098 4092943.100360408
597824.0116497716 4092943.0729515813
597823.9593303453 4092943.02192517
597823.9332799612 4092942.996335492
597823.8707206612 4092942.933371539
597823.8406406116 4092942.903717114
597823.8122554395 4092942.8766735587
597823.7514982987 4092942.818986095
597823.6986976047 4092942.769813128
597823.6740908386 4092942.7457814743
597823.6410211736 4092942.713714633
597823.5858921407 4092942.661392193
597823.5328232638 4092942.61116809
597823.5328232638 4092942.61116809
597823.4547941375 4092942.535723477
597823.4277639204 4092942.509753345
597823.3702826771 4092942.4553756956
597823.335131472 4092942.422078846
597823.3083895745 4092942.3972570705
597823.2499078141 4092942.3411022173
597823.2236826828 4092942.3167187055
597823.1235294663 4092942.2194294566
597823.0911622138 4092942.1885755584
597823.0678690721 4092942.1666830266
597823.0165220274 4092942.1176363835
597822.9852623958 4092942.088362287
597822.9364716745 4092942.0416804226
597822.9059431499 4092942.011150339
597822.85129746 4092941.959999626
597822.8228231175 4092941.9314390253
597822.772315059 4092941.8847232223
597822.7375902724 4092941.851427878
597822.7098157639 4092941.8254924826
597822.6622035751 4092941.781011729
597822.6312564041 4092941.7496237815
597822.5752812293 4092941.6967721037
597822.5530687502 4092941.6764112166
597822.494228753 4092941.620815377
597822.4695768317 4092941.597404375
597822.4158691241 4092941.5478109852
597822.3909127014 4092941.5242274883
597822.325558773 4092941.4661031025
597822.2931245773 4092941.4375406792
597822.2692428947 4092941.4143846543
597822.2163461666 4092941.363329873
597822.1636251501 4092941.3141346043
597822.1636251501 4092941.3141346043
597822.0788690106 4092941.235637068
597822.024444231 4092941.185125648
597821.9685773982 4092941.1320864563
597821.9413468982 4092941.1065539066
597821.8865363261 4092941.0564582185
597821.8603506567 4092941.0317362472
597821.8235381888 4092940.99653845
597821.7648787585 4092940.9399515274
597821.7384675842 4092940.9153114716
597821.6792710355 4092940.860107911
597821.6472716944 4092940.830572133
597821.5863314857 4092940.7734610545
597821.5628629418 4092940.7517928276
597821.5097684001 4092940.7011477803
597821.4788458976 4092940.671273699
597821.4402535171 4092940.6338375723
597821.392765284 4092940.58860186
597821.3399529798 4092940.5393605363
597821.3078620639 4092940.5104244994
597821.2550175713 4092940.4583109985
597821.2234875542 4092940.4286195445
597821.1723258934 4092940.378032388
597821.1496902775 4092940.3549620206
597821.1182040494 4092940.3237434193
597821.0682174541 4092940.277064854
597821.0368136048 4092940.2445514128
597820.9873204445 4092940.194387172
597820.9599121398 4092940.16833669
597820.9056398367 4092940.1154799843
597820.8760644607 4092940.0883850656
597820.8263186748 4092940.0419175862
597820.7992131632 4092940.016494967
597820.7483252634 4092939.9683066513
597820.7170404686 4092939.939488812
597820.664557934 4092939.8920805575
597820.6349041072 4092939.864612837
597820.5849896832 4092939.8186730947
597820.5535478636 4092939.790869752
597820.5287441493 4092939.7683424465
597820.4796431076 4092939.7227995433
597820.4558440294 4092939.7013794035
597820.3868844936 4092939.6404185346
597820.3621760852 4092939.618610991
597820.3043975638 4092939.567739413
597820.2792700691 4092939.5470885974
597820.2326495924 4092939.5063040624
597820.2096434345 4092939.4857012494
597820.1696883602 4092939.4517083056
597820.1419950611 4092939.432427512
597820.1017908949 4092939.4090589946
597820.0805089996 4092939.396153175
597820.0636450679 4092939.3868230255
597820.028571066 4092939.368745548
597820.0102004441 4092939.360849376
597819.9829704764 4092939.350578134
597819.9570350333 4092939.3423284264
597819.9441193811 4092939.337465125
597819.9205435434 4092939.3316579624
597819.9096308148 4092939.328004568
597819.8988772411 4092939.3252648353
597819.873905003 4092939.3175068954
597819.8623014082 4092939.31356278
597819.8536223649 4092939.310582152
597819.8298097968 4092939.3043665127
597819.8038734342 4092939.299686047
597819.7827725819 4092939.295961763
597819.7519260745 4092939.2972737397
597819.7207451651 4092939.3039301573
597819.7005336529 4092939.3080779556
597819.6503235467 4092939.322958581
597819.6263509252 4092939.329574378
597819.5742896472 4092939.34629891
597819.5409029414 4092939.3573741107
597819.5080365761 4092939.368649896
597819.4502145572 4092939.3889645906
597819.420774008 4092939.3989992165
597819.3559571084 4092939.4217753117
597819.2979245436 4092939.4447826417
597819.2535605413 4092939.4612377216
597819.2006551917 4092939.4817116223
597819.1021124189 4092939.5224081897
597819.1021124189 4092939.5224081897
597819.0116499027 4092939.563740072
597818.9789999635 4092939.578378024
597818.9134574528 4092939.6081917994
597818.8839574321 4092939.622613272
597818.8222898572 4092939.653064203
597818.7878393685 4092939.669482615
597818.7289430884 4092939.6991524515
597818.6982781884 4092939.7146866834
597818.6364849361 4092939.7475201194
597818.5992787705 4092939.7668198473
597818.541713451 4092939.7961899806
597818.5103188003 4092939.812053802
597818.4489799147 4092939.843636279
597818.4180934734 4092939.859267374
597818.3836146428 4092939.8768152725
597818.3123772609 4092939.9140461567
597818.3123772609 4092939.9140461567
597818.2186694349 4092939.963404982
597818.1993977296 4092939.9748563454
597818.1781433187 4092939.988797738
597818.1592070567 4092940.001681739
597818.1150492735 4092940.0331479725
597818.1006843528 4092940.044016797
597818.0741094323 4092940.064004039
597818.0590528056 4092940.0768721034
597818.0590528056 4092940.0768721034
597818.0405134367 4092940.094976819
597818.031132416 4092940.1050378736
597818.0116063353 4092940.1230917256
597817.9947468643 4092940.1371666943
597817.9861539998 4092940.1452131956
597817.9743852033 4092940.155127076
597817.9578705772 4092940.1696527866
597817.9500970596 4092940.177144969
597817.9418245885 4092940.182911619
597817.9255263448 4092940.195998683
597817.9060264415 4092940.2086558067
597817.898343604 4092940.216108482
597817.889091567 4092940.224775139
597817.8770875545 4092940.2417007624
597817.8710147828 4092940.2500968124
597817.8641246913 4092940.280390248
597817.8644809991 4092940.30147943
597817.8692086164 4092940.343013821
597817.8737220439 4092940.3677053014
597817.8844100556 4092940.4102252917
597817.8896026475 4092940.4293213696
597817.9059106051 4092940.4760318003
597817.9142386786 4092940.5006535696
597817.9326307023 4092940.5519233337
597817.9465565836 4092940.58623226
597817.9663656313 4092940.6346644033
597817.9863565554 4092940.6815971504
597817.9982622525 4092940.710264374
597818.0153294905 4092940.7477863953
597818.0552341454 4092940.835942648
597818.0667748288 4092940.8610545383
597818.0904680337 4092940.9123928063
597818.1032163865 4092940.9379133163
597818.1289130242 4092940.9888680438
597818.1440422033 4092941.018537375
597818.1739701292 4092941.0768979015
597818.19015615 4092941.1068664547
597818.215276778 4092941.15602378
597818.2266906212 4092941.1801129836
597818.2424088166 4092941.2098955456
597818.2706943388 4092941.2576084873
597818.3022668299 4092941.3080185843
597818.3163093512 4092941.3308159066
597818.3163093512 4092941.3308159066
597818.3591458116 4092941.4019942605
597818.3922231025 4092941.454159308
597818.4073687936 4092941.4745734925
597818.4434465042 4092941.5262040365
597818.4593546487 4092941.5479085413
597818.4965990287 4092941.601887361
597818.5149688544 4092941.629305113
597818.5514888269 4092941.6790246307
597818.5729713686 4092941.7073990093
597818.5889926994 4092941.729272375
597818.6251070333 4092941.7807091433
597818.6473590292 4092941.811700395
597818.6839094048 4092941.8622450344
597818.7003487556 4092941.8850815548
597818.7590219807 4092941.9661750463
597818.7982164861 4092942.017745232
597818.7982164861 4092942.017745232
597818.866922262 4092942.0960209398
597818.8865076435 4092942.118580375
597818.908169569 4092942.144214313
597818.9488372249 4092942.1930771633
597818.9692822065 4092942.217635922
597819.0171252766 4092942.2699396485
597819.038964031 4092942.2928623105
597819.0829069611 4092942.3374934527
597819.1029333688 4092942.358712818
597819.1493670999 4092942.406645874
597819.171235618 4092942.4293038948
597819.2108014965 4092942.467344954
597819.2374259153 4092942.494118662
597819.2793463062 4092942.5356440577
597819.3224281924 4092942.5804073634
597819.33972186 4092942.597017045
597819.3855547396 4092942.64210609
597819.3855547396 4092942.64210609
597819.5536751974 4092942.8063570065
597819.5809119081 4092942.8327983073
597819.6006735151 4092942.854654114
597819.6456192747 4092942.899553233
597819.6711535719 4092942.9263469125
597819.7112222133 4092942.968687037
597819.7401381754 4092942.998022012
597819.7547910946 4092943.01231177
597819.7792762999 4092943.036698598
597819.8712597709 4092943.126307801
597819.8922901285 4092943.1468319297
597819.9179131448 4092943.1727444557
597819.9655062946 4092943.218137149
597819.9875386355 4092943.2393029667
597820.033283047 4092943.2830049987
597820.058753248 4092943.3072196427
597820.1042090054 4092943.349808577
597820.1286039584 4092943.3722821088
597820.1768615448 4092943.418506322
597820.2196883999 4092943.4606157388
597820.2413798834 4092943.483182025
597820.263203368 4092943.505696167
597820.3158650355 4092943.558079495
597820.3550620609 4092943.5981545704
597820.3781576379 4092943.621625859
597820.4056871114 4092943.6500444068
597820.4474207673 4092943.691856835
597820.4668976212 4092943.711456612
597820.5092401076 4092943.754125469
597820.5496024546 4092943.7939387625
597820.5727857962 4092943.817156528
597820.595673671 4092943.839960993
597820.6372912969 4092943.8822973464
597820.6572315556 4092943.902396473
597820.7042222522 4092943.9477584497
597820.7042222522 4092943.9477584497
597820.8064887321 4092944.0465676426
597820.8489529233 4092944.08603568
597820.8489529233 4092944.08603568
597820.8892362259 4092944.124485271
597820.9330475067 4092944.1659376435
597820.9557448769 4092944.1885855575
597820.9967716695 4092944.228501867
597821.0234589428 4092944.253795514
597821.0658206341 4092944.296220397
597821.0835729917 4092944.3141240515
597821.1082869557 4092944.338148772
597821.1259273296 4092944.3563338323
597821.1530486635 4092944.3816237114
597821.1971410702 4092944.424611525
597821.2194499322 4092944.4472812796
597821.2620424179 4092944.489026052
597821.3032535489 4092944.530690688
597821.3032535489 4092944.530690688
597821.356599642 4092944.5807774724
597821.3976379979 4092944.6209224723
597821.4447877976 4092944.6662564706
597821.4447877976 4092944.6662564706
597821.4678784818 4092944.6867108867
597821.5130315061 4092944.7285882514
597821.5418143144 4092944.75598369
597821.5717228038 4092944.7841028194
597821.6174396253 4092944.82634242
597821.6400924993 4092944.848529584
597821.6885748096 4092944.8961724183
597821.7073348099 4092944.914742878
597821.755336447 4092944.959012174
597821.7952192547 4092944.9978665914
597821.8146554441 4092945.017874347
597821.8362358767 4092945.038687478
597821.9047253253 4092945.104221956
597821.9555460755 4092945.155647857
597821.9919729312 4092945.190494658
597822.0112659584 4092945.208385861
597822.0558463352 4092945.250621431
597822.081700813 4092945.2752368418
597822.125209894 4092945.318154789
597822.1473798156 4092945.340061127
597822.1933946345 4092945.3850272936
597822.2166177897 4092945.4070187137
597822.2603940024 4092945.4486264777
597822.285482128 4092945.471709516
597822.3092312135 4092945.4940259615
597822.361017671 4092945.542503821
597822.3832049222 4092945.5640077316
597822.4082157429 4092945.588033538
597822.4597737581 4092945.6372662885
597822.4817126198 4092945.657039815
597822.5066833107 4092945.68091367
597822.5637546044 4092945.734280817
597822.5791476833 4092945.748970532
597822.627155721 4092945.795433224
597822.6464655619 4092945.813900518
597822.6886094464 4092945.8549977215
597822.7162053877 4092945.881514656
597822.7574609173 4092945.921069265
597822.779230228 4092945.9436378656
597822.8190245193 4092945.982904459
597822.839455682 4092946.0026781466
597822.9106496014 4092946.0697052176
597822.9362239472 4092946.094624732
597822.9793906113 4092946.1348962034
597823.0007607633 4092946.1546341605
597823.0483959973 4092946.201574784
597823.0808301803 4092946.231407516
597823.1216198661 4092946.2702807053
597823.1216198661 4092946.2702807053
597823.1915749877 4092946.3337510563
597823.2166293361 4092946.356203734
597823.2500731042 4092946.3868466574
597823.2884585011 4092946.4227425903
597823.3154627753 4092946.4489795733
597823.3622652125 4092946.493017356
597823.3837021682 4092946.512716063
597823.4298657211 4092946.555614538
597823.4484636117 4092946.5733300606
597823.4946671969 4092946.616551072
597823.5289088081 4092946.648367151
597823.5518507 4092946.668994072
597823.5818356011 4092946.696288264
597823.6273412046 4092946.7381740934
597823.6651350817 4092946.771929705
597823.6913664608 4092946.797242521
597823.7152540247 4092946.8185513373
597823.7385154939 4092946.840741514
597823.831039947 4092946.9298650236
597823.8534551217 4092946.950672243
597823.9233043987 4092947.0140971774
597823.9687591272 4092947.057422712
597823.9962967337 4092947.082705278
597824.0395537236 4092947.1229692684
597824.0826572381 4092947.163381767
597824.1096766195 4092947.187910744
597824.130349423 4092947.206250092
597824.176263585 4092947.2496878924
597824.2044429666 4092947.2788001806
597824.2355666609 4092947.3106069043
597824.2496836416 4092947.323606275
597824.2772132709 4092947.348409332
597824.2947710995 4092947.36163531
597824.2947710995 4092947.36163531
597824.3258768067 4092947.388301449
597824.3461632053 4092947.4032036397
597824.3543215196 4092947.4084684993
597824.369675321 4092947.4183902536
597824.3775025434 4092947.423363325
597824.391370599 4092947.433190518
597824.399099544 4092947.4377999953
597824.4170074514 4092947.438222672
597824.4255885888 4092947.437423783
597824.4364127807 4092947.4442303767
597824.4425736263 4092947.449032916
597824.4515131577 4092947.4561049324
597824.458596138 4092947.458904426
597824.4650599912 4092947.4617879875
597824.4949939859 4092947.459756297
597824.5356808442 4092947.4492840664
597824.5568637925 4092947.4426570614
597824.6292444911 4092947.4203903126
597824.6474708187 4092947.414363031
597824.7043579142 4092947.392979682
597824.7289017348 4092947.3839946208
597824.7768595357 4092947.3649341604
597824.8002932189 4092947.3552136268
597824.8349007682 4092947.338743689
597824.8531452443 4092947.3298297185
597824.8654176976 4092947.322885745
597824.890984505 4092947.3049759255
597824.9080100262 4092947.2906939336
597824.9166717606 4092947.284520776
597824.9255574448 4092947.2754041925
597824.9304537369 4092947.269757845
597824.934586179 4092947.263947156
597824.943530317 4092947.2545375573
597824.9472872345 4092947.250901095
597824.9548336526 4092947.24501177
597824.9620807786 4092947.238490305
597824.9647202875 4092947.2365800706
597824.9700457357 4092947.2318040165
597824.9732996541 4092947.2298569395
597824.9787760858 4092947.2268996392
597824.9806579137 4092947.225483605
597824.9867253789 4092947.221345488
597824.9895732738 4092947.2203083867
597824.9920419916 4092947.219138206
597824.9952932824 4092947.2174913036
597825.0023893926 4092947.2143073203
597825.0067461408 4092947.2118643676
597825.0135336517 4092947.206775361
597825.0166569846 4092947.2040383536
597825.0226939928 4092947.199298706
597825.0239892359 4092947.1954436707
597825.0239753224 4092947.1903323177
597825.0111796972 4092947.1769235497
597825.0066199652 4092947.1714545386
597824.9778265288 4092947.150387195
597824.963530695 4092947.1419058167
597824.9284048587 4092947.1234973217
597824.9010858735 4092947.1094367444
597824.8849362221 4092947.1013167608
597824.8323478831 4092947.074182701
597824.8051105888 4092947.0595157607
597824.755902659 4092947.0328223445
597824.7303650895 4092947.0195648163
597824.6795391003 4092946.99084764
597824.6440537245 4092946.972654549
597824.589818296 4092946.9430476623
597824.5663625534 4092946.9302596976
597824.5127508808 4092946.900142239
597824.4803702513 4092946.8829851313
597824.4803702513 4092946.8829851313
597824.3902939701 4092946.8362011905
597824.3641896805 4092946.8235422946
597824.3388895446 4092946.8102824516
597824.256789665 4092946.76736702
597824.2345122779 4092946.7569473325
597824.17297581 4092946.727051455
597824.1399429347 4092946.709788242
597824.1138726505 4092946.696421079
597824.0629064555 4092946.6692136046
597824.0311078932 4092946.6537067033
597823.9919070167 4092946.6346664084
597823.9393916473 4092946.608692421
597823.9155050848 4092946.5976947364
597823.8572315964 4092946.567886449
597823.8062646294 4092946.5423001917
597823.7799612299 4092946.5284251603
597823.7196763528 4092946.496338904
597823.6978346558 4092946.4844747414
597823.6702374548 4092946.4702238613
597823.6034525308 4092946.435227162
597823.5674195456 4092946.4176967964
597823.501368897 4092946.3840106037
597823.4648796446 4092946.362615163
597823.4088239123 4092946.3240560265
597823.3828460856 4092946.306476964
597823.3259040252 4092946.2626187545
597823.2936845798 4092946.233946457
597823.2419558701 4092946.1925206673
597823.2049025943 4092946.162832522
597823.1536695904 4092946.122772172
597823.1536695904 4092946.122772172
597823.0583602688 4092946.0170892524
597823.0583602688 4092946.0170892524
597822.986903571 4092945.9326791684
597822.9580627347 4092945.897435048
597822.9356710885 4092945.8704328877
597822.9050353763 4092945.8306473102
597822.8521922684 4092945.763396027
597822.8290875347 4092945.731796117
597822.7876049886 4092945.6722807987
597822.7640577608 4092945.636829208
597822.7218148154 4092945.575901288
597822.7040773709 4092945.5512229754
597822.6615949324 4092945.492200453
597822.6387149798 4092945.460855849
597822.6004489823 4092945.403632212
597822.57937834 4092945.374768865
597822.5531100382 4092945.3376383944
597822.5137963366 4092945.2851139773
597822.4911824124 4092945.2545803483
597822.444310435 4092945.1937739877
597822.420829646 4092945.1645172453
597822.381592565 4092945.1146136313
597822.3609188743 4092945.088575808
597822.313945327 4092945.029406449
597822.2937787501 4092945.0038030185
597822.2486025484 4092944.9472844033
597822.2253515662 4092944.9179679775
597822.1827760881 4092944.862642326
597822.1529693172 4092944.8242301187
597822.0949596216 4092944.7469296493
597822.0736440419 4092944.718591574
597822.0227187547 4092944.6548437825
597821.9979541645 4092944.623088941
597821.9563195973 4092944.5677975956
597821.9305451069 4092944.5330441785
597821.8888394139 4092944.4796392894
597821.8348082682 4092944.408224316
597821.7939759372 4092944.3552984875
597821.7588999774 4092944.3098532017
597821.7135158217 4092944.246010023
597821.6887421426 4092944.2133323113
597821.6451368756 4092944.157858332
597821.6232861993 4092944.12789402
597821.5908983259 4092944.0856900495
597821.545089936 4092944.0237646955
597821.5183736869 4092943.9876312884
597821.4750812054 4092943.929476323
597821.4544673741 4092943.9020059793
597821.4080184008 4092943.8432104075
597821.383074347 4092943.810747348
597821.3394137997 4092943.7541921963
597821.3131134164 4092943.7203689306
597821.2626931614 4092943.6533654626
597821.2375518118 4092943.6194379516
597821.2144040903 4092943.590075819
597821.1722592897 4092943.5334148793
597821.1274099433 4092943.4716233443
597821.104645526 4092943.4401618256
597821.0623749524 4092943.382268864
597821.0368745932 4092943.34855422
597820.9934347257 4092943.2935835253
597820.9677585015 4092943.260398067
597820.9253142743 4092943.2043083413
597820.902787356 4092943.1734511526
597820.8777652582 4092943.141413114
597820.8299035549 4092943.078860157
597820.7896411516 4092943.027281899
597820.768273966 4092943.000950575
597820.7419318801 4092942.968244461
597820.6974021657 4092942.911511213
597820.6725235028 4092942.8779408205
597820.6269035029 4092942.818412757
597820.6010995035 4092942.7845291044
597820.5582218422 4092942.7289632866
597820.5357654025 4092942.699516136
597820.491592565 4092942.641976523
597820.4705049437 4092942.6143827466
597820.4183653252 4092942.5468278015
597820.3936402063 4092942.514295267
597820.3500784194 4092942.4571442152
597820.3223631288 4092942.4212780604
597820.2789189961 4092942.3645976954
597820.2544226486 4092942.3326423103
597820.2544226486 4092942.3326423103
597820.1830392751 4092942.2374292966
597820.1352836512 4092942.174211107
597820.1135425215 4092942.144937954
597820.0697428789 4092942.0866994723
597820.046925457 4092942.0559579665
597820.0207588507 4092942.020354703
597819.973471266 4092941.958673894
597819.9522761801 4092941.9305442576
597819.901341737 4092941.865980764
597819.8660866831 4092941.8186570304
597819.8431742914 4092941.7883020444
597819.8238000107 4092941.7623265316
597819.7717753807 4092941.6942482335
597819.7446448454 4092941.660369825
597819.6989058474 4092941.6003695624
597819.6742111886 4092941.568414234
597819.6303470668 4092941.512492378
597819.6108237634 4092941.488106826
597819.5676845245 4092941.4309560372
597819.5449494673 4092941.4002287076
597819.5009725634 4092941.344639862
597819.4781947832 4092941.31551519
597819.445681549 4092941.270596908
597819.4328443982 4092941.253665865
597819.4056413637 4092941.2132856688
597819.3948188643 4092941.1964948354
597819.376818883 4092941.165488472
597819.3690607589 4092941.1517238254
597819.3436378713 4092941.114436868
597819.3361736633 4092941.1050673444
597819.328905238 4092941.0932038985
597819.3123394011 4092941.0694718906
597819.2970474728 4092941.0498124524
597819.287157699 4092941.0386015405
597819.2744296832 4092941.0217214986
597819.2661716642 4092941.01236823
597819.2601926062 4092941.004616149
597819.2463202254 4092940.9843333084
597819.2362998108 4092940.9599017757
597819.2311716584 4092940.947537886
597819.2295386508 4092940.9264774793
597819.2321458765 4092940.8951132474
597819.2343201988 4092940.877249854
597819.2425999709 4092940.8327001072
597819.2469881185 4092940.8130225316
597819.2634588064 4092940.761532002
597819.2738874044 4092940.734544437
597819.2831389521 4092940.710874324
597819.3046510937 4092940.6610476254
597819.3167704297 4092940.6367108626
597819.3343944128 4092940.5995174134
597819.3587679818 4092940.554997925
597819.3838215835 4092940.5051641692
597819.3969223581 4092940.481106758
597819.4237297276 4092940.432300881
597819.440373375 4092940.4009456756
597819.4794914185 4092940.3300410276
597819.4908188743 4092940.308807936
597819.5049151931 4092940.2786126016
597819.5092439173 4092940.2679260895
597819.5180704027 4092940.2458631536
597819.5255764647 4092940.2314755376
597819.5366559186 4092940.213059918
597819.5432525194 4092940.204782427
597819.5476749145 4092940.198285449
597819.559411794 4092940.182793365
597819.5631488955 4092940.177441483
597819.5663789854 4092940.1678721667
597819.5699612866 4092940.1627963763
597819.5736203096 4092940.153997934
597819.5753194545 4092940.1499787616
597819.5764461802 4092940.142839719
597819.5752018519 4092940.1388152083
597819.5752185187 4092940.136302535
597819.5783731721 4092940.1327504464
597819.5823126727 4092940.129683354
597819.5841416485 4092940.1283771503
597819.5856836127 4092940.1267480548
597819.5901918205 4092940.1226731297
597819.5908064261 4092940.1204933524
597819.5926874194 4092940.1148025733
597819.5939603962 4092940.112747634
597819.6021886866 4092940.1111694905
597819.6105541766 4092940.1156294974
597819.6502116359 4092940.1443750546
597819.6618794978 4092940.154481123
597819.6959563554 4092940.1866109315
597819.7077596466 4092940.1991926525
597819.734786758 4092940.2288654423
597819.7643521592 4092940.262755172
597819.7791169931 4092940.27936751
597819.7946573956 4092940.2968607326
597819.8327187785 4092940.335621584
597819.8712951052 4092940.370024233
597819.8920650085 4092940.389909361
597819.9325685324 4092940.4315860504
597819.9560221202 4092940.456557866
597819.9929347854 4092940.4939094908
597820.0135400306 4092940.5147557617
597820.0494781974 4092940.548308348
597820.0494781974 4092940.548308348
597820.1112446549 4092940.6058622403
597820.1304437984 4092940.6255940236
597820.1706237332 4092940.66453592
597820.1898375796 4092940.684681311
597820.2254951991 4092940.727592269
597820.2396984359 4092940.74650637
597820.2615603782 4092940.771826234
597820.2958575985 4092940.8149199258
597820.3144005277 4092940.8380182902
597820.3490058602 4092940.8811231465
597820.3645882136 4092940.9006009307
597820.39637968 4092940.9403508054
597820.4109131694 4092940.9587657824
597820.4600058057 4092941.0240158155
597820.4958201613 4092941.071563647
597820.5149361745 4092941.0968302577
597820.5335244527 4092941.122656483
597820.6020399719 4092941.2158363145
597820.6208310081 4092941.2400651122
597820.6423755257 4092941.267485649
597820.6816945043 4092941.317708954
597820.7055594268 4092941.347184447
597820.7428270836 4092941.394953944
597820.7619867944 4092941.419133893
597820.8015471984 4092941.4703450636
597820.8192166332 4092941.4926956655
597820.8415772363 4092941.5209251232
597820.8867621592 4092941.5797372386
597820.9062294177 4092941.6058528754
597820.9457853255 4092941.6554630995
597820.9641648049 4092941.6779790716
597821.0086153103 4092941.731880236
597821.0292805535 4092941.758809157
597821.0568640175 4092941.7936266423
597821.1436066706 4092941.9016349944
597821.1696979849 4092941.9358076793
597821.1927222144 4092941.966363664
597821.2305877213 4092942.015203964
597821.271810537 4092942.0683101155
597821.2974002968 4092942.100275046
597821.3111132204 4092942.118215566
597821.3356053113 4092942.150933032
597821.4210844772 4092942.2574730893
597821.4458603947 4092942.2894573407
597821.4875878877 4092942.342503388
597821.5058619707 4092942.365119525
597821.544529196 4092942.4146139366
597821.5660931395 4092942.4425459313
597821.6003509065 4092942.4861137737
597821.6194861964 4092942.510221624
597821.656457891 4092942.5578554487
597821.6734472816 4092942.579652644
597821.7076589541 4092942.6233399254
597821.7302826301 4092942.6507353573
597821.7638708407 4092942.6935091643
597821.7856169525 4092942.720583229
597821.7978464577 4092942.73596791
597821.8439501402 4092942.7918376373
597821.8794836445 4092942.8359945323
597821.8975800958 4092942.859314063
597821.9362663934 4092942.90650573
597821.9536194315 4092942.927871476
597821.9769857038 4092942.956155014
597822.0226439729 4092943.0104897604
597822.0370377054 4092943.0294033135
597822.0740718824 4092943.0774709694
597822.093892079 4092943.102753914
597822.1125283138 4092943.1259776494
597822.1125283138 4092943.1259776494
597822.14447263 4092943.1685518473
597822.1529908206 4092943.181413733
597822.1698848794 4092943.206819417
597822.1781558765 4092943.2185527813
597822.1943992836 4092943.2413029834
597822.2027669295 4092943.25220317
597822.208155053 4092943.25991567
597822.2201549674 4092943.2796588577
597822.23028335 4092943.2970012813
597822.2356111796 4092943.304655281
597822.2433932121 4092943.318577123
597822.2465109949 4092943.3264183146
597822.2482868284 4092943.3326784717
597822.2515265088 4092943.3409873648
597822.2541150138 4092943.3488075016
597822.2547882855 4092943.352634392
597822.2539497679 4092943.3581717643
597822.2539497679 4092943.3581717643
597822.2523307175 4092943.36227381
597822.2482463811 4092943.3631733516
597822.2459037588 4092943.3630342954
597822.2420516155 4092943.3622585423
597822.2392235041 4092943.361798567
597822.2354991675 4092943.360961253
597822.2323789074 4092943.3604639824
597822.2267417503 4092943.358980428
597822.2246471735 4092943.3584473343
597822.2184470522 4092943.3573190654
597822.2149732953 4092943.3570464114
597822.2080599221 4092943.355779069
597822.2045427691 4092943.355516838
597822.1983502016 4092943.3549205977
597822.1983502016 4092943.3549205977
597822.1838233367 4092943.352412578
597822.1798365421 4092943.3519418184
597822.1495962059 4092943.3499417566
597822.1467798952 4092943.3498017527
597822.139831119 4092943.3490632377
597822.1335053345 4092943.3484805874
597822.1310196954 4092943.3483029488
597822.1275738307 4092943.348065412
597822.1237603847 4092943.3478202764
597822.1206419455 4092943.347958547
597822.1151248683 4092943.3483626
597822.1131241196 4092943.348419143
597822.1087510997 4092943.348695975
597822.1060940729 4092943.3488619644
597822.1002184994 4092943.349200408
597822.0961699901 4092943.349306669
597822.0932251345 4092943.3494114145
597822.0852770931 4092943.3494572733
597822.0829777553 4092943.3495154195
597822.074870398 4092943.349072712
597822.071098423 4092943.3491343516
597822.0650007579 4092943.349324437
597822.0604250879 4092943.349358652
597822.0551483777 4092943.349779455
597822.0528275963 4092943.3499388467
597822.0505497332 4092943.3502328317
597822.0449318658 4092943.3504076456
597822.0422943556 4092943.350718382
597822.0403842547 4092943.3512424887
597822.0363695738 4092943.351924746
597822.0336698736 4092943.352533562
597822.0335522224 4092943.353225365
597822.0314349481 4092943.3543277914
597822.0301420323 4092943.354551066
597822.0288158443 4092943.3555096267
597822.0271900655 4092943.357217018
597822.0251478846 4092943.357542757
597822.0171939501 4092943.358474136
597822.0110929457 4092943.3590082834
597822.0068484897 4092943.359217423
597822.0015276013 4092943.359834308
597821.9986013571 4092943.3605378633
597821.9956902672 4092943.36189321
597821.9932490819 4092943.3624499175
597821.9875954669 4092943.363496266
597821.9854636053 4092943.3637576792
597821.9794682105 4092943.3640949526
597821.9752207485 4092943.3641181663
597821.9732204565 4092943.364157325
597821.968933357 4092943.3653837503
597820.6435187331 4092931.3099867716
597821.0628208104 4092929.9061695444
597821.0596643287 4092929.9031300913
597823.4016211671 4092932.5145870694
597824.6430414653 4092933.982433742
597824.2944434811 4092934.481769082
597823.6446044168 4092935.7143455283
597823.5284947404 4092935.813512686
597823.5801717367 4092935.9284419753
597823.7383626432 4092936.237448243
597823.7397600416 4092936.235498185
597823.9085416873 4092937.2610797174
597823.6558420602 4092937.2545497967
597823.650093964 4092937.6140950387
597823.5654585371 4092937.5361038535
597823.3963833404 4092937.2674130495
597823.3972794964 4092937.267706346
597823.0473970625 4092937.40199392
597823.0050510867 4092937.394820265
597823.0583757402 4092937.3054695353
597823.058975254 4092937.3028896847
597823.0229093769 4092937.3266580906
597822.9246799506 4092937.3273041667
597822.9535637186 4092937.4630708494
597822.930087792 4092937.5460593393
597822.9301583697 4092937.558061685
597822.9271690967 4092937.559311053
597822.9232050725 4092937.6166430423
597822.9363215375 4092937.6684173564
597822.9279441114 4092937.693852187
597822.9106413341 4092937.7279957742
597822.9081298736 4092937.7265991294
597822.8854201282 4092937.7702544676
597822.8662547648 4092937.792036708
597822.8400115784 4092937.791403506
597822.8227331012 4092937.826059253
597822.8200163383 4092937.8251138106
597822.7963445572 4092937.870421528
597822.7944322914 4092937.911470149
597822.8105097546 4092937.9665623675
597822.8288209032 4092938.0152035165
597822.8264172673 4092938.012843785
597822.819457821 4092938.057963272
597822.8189465384 4092938.082938389
597822.8088528516 4092938.1142099667
597822.7904740857 4092938.1476251814
597822.7898905855 4092938.147154375
597822.7824540922 4092938.1912079896
597822.7818757684 4092938.231573138
597822.7784127025 4092938.2703665127
597822.7765373717 4092938.3022276913
597822.7794762832 4092938.30206202
597822.7880895822 4092938.335183166
597822.7953237855 4092938.3557589212
597822.7976937543 4092938.369391217
597822.7953810508 4092938.3779498828
597822.7948348293 4092938.379546434
597822.7883468795 4092938.3882328467
597822.776913583 4092938.4111703266
597822.7766652751 4092938.443098461
597822.7794550227 4092938.465891163
597822.767886936 4092938.4906998933
597822.7588967206 4092938.5240784823
597822.759697952 4092938.5541267386
597822.7604928047 4092938.55660015
597822.7762742505 4092938.6163574993
597822.7831955621 4092938.6557677
597822.7843681904 4092938.6899540354
597822.7859030776 4092938.7171956166
597822.7810304812 4092938.7134028934
597822.7712113512 4092938.7567029377
597822.7799541806 4092938.7783989385
597822.77782041 4092938.778726162
597822.777089284 4092938.779179531
597822.7741218162 4092938.7788634156
597822.8087412594 4092938.854907596
597822.816101062 4092938.877963804
597822.835392932 4092938.8923926866
597822.842947122 4092938.921014484
597822.8432220892 4092938.9241480664
597822.8540089744 4092938.9452459333
597822.8507195781 4092938.97920847
597822.8507195781 4092938.97920847
