1592430027328 667811.7860168865 4176991.8015861856 0
1592430028022 667843.9790568663 4176987.715555104 0
1592430028177 667843.4905429629 4176987.213146692 0
1592430028330 667844.0506194064 4176987.667070865 0
1592430028483 667844.0506194064 4176987.667070865 0
1592430028788 667844.065001101 4176987.660106557 0
1592430028942 667844.065001101 4176987.660106557 0
1592430029096 667844.065001101 4176987.660106557 0
1592430029249 667844.065001101 4176987.660106557 0
1592430029403 667844.065001101 4176987.660106557 0
1592430029599 667844.0713042004 4176987.666590387 0
1592430029753 667844.1368022315 4176987.718892021 0
1592430029905 667844.1368022315 4176987.718892021 0
1592430030059 667844.1368022315 4176987.718892021 0
1592430030211 667844.1368022315 4176987.718892021 0
1592430030366 667844.1413830098 4176987.723672551 0
1592430030520 667844.1413830098 4176987.723672551 0
1592430030672 667844.2217183042 4176987.659381582 0
1592430030825 667844.2217183042 4176987.659381582 0
1592430030977 667844.2217183042 4176987.659381582 0
1592430031128 667844.2217183042 4176987.659381582 0
1592430031287 667844.2217183042 4176987.659381582 0
1592430031592 667844.3303811698 4176987.6815106147 0
1592430031744 667844.3303811698 4176987.6815106147 0
1592430031895 667844.3303811698 4176987.6815106147 0
1592430032056 667844.3303811698 4176987.6815106147 0
1592430032359 667844.3303811698 4176987.6815106147 0
1592430032510 667844.3603372123 4176987.6568445866 0
1592430032663 667844.3603372123 4176987.6568445866 0
1592430032816 667844.3603372123 4176987.6568445866 0
1592430032969 667844.3603372123 4176987.6568445866 0
1592430033124 667844.3603372123 4176987.6568445866 0
1592430033275 667844.3603372123 4176987.6568445866 0
1592430033428 667844.3679757365 4176987.664895662 0
1592430033579 667844.7013074004 4176987.669953348 0
1592430033731 667844.7013074004 4176987.669953348 0
1592430034034 667844.7013074004 4176987.669953348 0
1592430034187 667844.7013074004 4176987.669953348 0
1592430034339 667844.7013074004 4176987.669953348 0
1592430034490 667844.3520775465 4176986.3471908923 0
1592430034642 667844.3520775465 4176986.3471908923 0
1592430034793 667844.3520775465 4176986.3471908923 0
1592430034946 667844.3559294499 4176986.3513033134 0
1592430035097 667844.3559294499 4176986.3513033134 0
1592430035249 667844.3586658551 4176986.3542571347 0
1592430035400 667843.8259726475 4176985.8753736014 0
1592430036759 667844.1989110417 4176986.7944969204 0
1592430036912 667844.2797995615 4176986.848970093 0
1592430037063 667844.3121503092 4176986.8710491527 0
1592430037214 667844.3121503092 4176986.8710491527 0
1592430037365 667844.1602044321 4176987.2289340706 0
1592430037517 667844.1935543502 4176987.25209742 0
1592430037670 667844.2410628613 4176987.284081437 0
1592430037822 667844.2410628613 4176987.284081437 0
1592430037973 667844.3165892691 4176987.3346274314 0
1592430038126 667844.3505762347 4176987.3568060487 0
1592430038277 667844.071506643 4176987.2132602907 0
1592430038430 667844.115701993 4176987.2422911385 0
1592430038732 667844.2023461257 4176987.29772243 0
1592430038885 667844.2313108504 4176987.316754634 0
1592430039035 667844.2330173948 4176987.317865361 0
1592430039187 667843.928610691 4176987.634812231 0
1592430039340 667843.9289272324 4176987.6350900284 0
1592430039492 667843.9293691084 4176987.635545953 0
1592430039643 667843.9314336494 4176987.6381227067 0
1592430039795 667843.932010298 4176987.6391642503 0
1592430039947 667843.932963672 4176987.6414369647 0
1592430040099 667843.933314288 4176987.6425028783 0
1592430040251 667843.6125950386 4176988.097864638 0
1592430040404 667843.612497631 4176988.0990346735 0
1592430040556 667843.6122823001 4176988.100357198 0
1592430040708 667843.6116178858 4176988.102922843 0
1592430040860 667843.6113549385 4176988.10375321 0
1592430041012 667843.6104391682 4176988.10595254 0
1592430041163 667844.0468649074 4176988.52904404 0
1592430041315 667844.0468649074 4176988.52904404 0
1592430041467 667844.0468649074 4176988.52904404 0
1592430041620 667844.0443050514 4176988.5329121924 0
1592430041771 667844.0434723059 4176988.533851482 0
1592430041923 667844.0423528464 4176988.5349249286 0
1592430042076 667844.9748096714 4176989.0415672893 0
1592430042228 667844.9733842156 4176989.0422114898 0
1592430042380 667844.9712905994 4176989.0429158527 0
1592430042531 667844.9698105686 4176989.0432835305 0
1592430042684 667844.9680166594 4176989.043594753 0
1592430042836 667844.9662434852 4176989.0437496174 0
1592430042991 667844.9866710246 4176988.6064719926 0
1592430043294 667844.9837328261 4176988.6066791243 0
1592430043446 667844.9837328261 4176988.6066791243 0
1592430043597 667844.9792728728 4176988.6070009093 0
1592430043749 667844.9792728728 4176988.6070009093 0
1592430043899 667845.1512117865 4176988.191116969 0
1592430044051 667845.1061915307 4176988.1216975744 0
1592430044203 667845.0809652793 4176988.1255515204 0
1592430044355 667845.0809652793 4176988.1255515204 0
1592430044509 667845.0809652793 4176988.1255515204 0
1592430044812 667844.9106697077 4176988.1586499033 0
1592430044964 667844.6947393704 4176987.665904352 0
1592430045115 667844.6947393704 4176987.665904352 0
1592430045267 667844.6947393704 4176987.665904352 0
1592430045418 667844.6890112833 4176987.667116588 0
1592430045570 667844.6890112833 4176987.667116588 0
1592430045721 667844.686243426 4176987.667708404 0
1592430045873 667844.6833455022 4176987.668345204 0
1592430046025 667844.4432042371 4176987.1865876988 0
1592430046177 667844.4341886969 4176987.188547768 0
1592430046328 667844.3887609775 4176987.1990413754 0
1592430046480 667844.3547668172 4176987.207356036 0
1592430046632 667844.3151939802 4176987.2166950745 0
1592430046784 667844.2627828361 4176987.2289277576 0
1592430046936 667844.4784568852 4176987.2447459255 0
1592430047087 667844.448945897 4176987.251971029 0
1592430047239 667844.4039081002 4176987.2624886846 0
1592430047390 667844.3326312786 4176987.2801398467 0
1592430047542 667844.2842776646 4176987.291819292 0
1592430047694 667844.258044287 4176987.2977525108 0
1592430047846 667844.3718422344 4176987.2514833366 0
1592430047997 667844.3384408191 4176987.2592213326 0
1592430048299 667844.2256362321 4176987.285972369 0
1592430048450 667844.1485095358 4176987.3036783473 0
1592430048601 667844.1485095358 4176987.3036783473 0
1592430048752 667844.1244984242 4176987.6718504434 0
1592430048904 667844.0379533394 4176987.6918893983 0
1592430049055 667843.986963592 4176987.70418655 0
1592430049207 667843.9553930766 4176987.7118416657 0
1592430049359 667843.931040987 4176987.7178348233 0
1592430049510 667843.8840590841 4176987.728792328 0
1592430049661 667843.8195416323 4176987.662880603 0
1592430049813 667843.7923628791 4176987.6722112554 0
1592430049965 667843.7192494271 4176987.689476251 0
1592430050115 667843.6756640886 4176987.700025719 0
1592430050459 667843.6756640886 4176987.700025719 0
1592430050610 667843.5370469582 4176987.733160406 0
1592430050760 667843.4580826781 4176988.1326062153 0
1592430050912 667843.4580826781 4176988.1326062153 0
1592430051063 667843.3456481427 4176988.1610405794 0
1592430051215 667843.2961205456 4176988.1735974345 0
1592430051366 667843.2961205456 4176988.1735974345 0
1592430051516 667843.2374539577 4176988.188247508 0
1592430051667 667843.1704197859 4176988.1264495286 0
1592430051819 667843.1218122907 4176988.138287592 0
1592430051971 667843.0966164249 4176988.144580165 0
1592430052122 667843.0187585838 4176988.1637641615 0
1592430052274 667843.0187585838 4176988.1637641615 0
1592430052425 667842.9317570529 4176988.1848266367 0
1592430052576 667842.8442542693 4176988.097507997 0
1592430052727 667842.8231941373 4176988.1028373432 0
1592430052878 667842.7562938974 4176988.1195153203 0
1592430053029 667842.7258269781 4176988.1270554606 0
1592430053180 667842.6703893691 4176988.140669576 0
1592430053331 667842.6037964144 4176988.1577999336 0
1592430053483 667842.567282641 4176988.167215786 0
1592430053635 667842.4253845692 4176988.1160471556 0
1592430053787 667842.3157600525 4176988.142599199 0
1592430053937 667842.2824768717 4176988.1512493696 0
1592430054240 667842.206272709 4176988.170457905 0
1592430054391 667842.1204392575 4176988.192292599 0
1592430054543 667842.0720883637 4176988.5319841 0
1592430054694 667842.0398071586 4176988.540100325 0
1592430054845 667842.0015666012 4176988.5502933655 0
1592430054996 667841.9370605652 4176988.567404151 0
1592430055147 667841.9370605652 4176988.567404151 0
1592430055298 667841.8145830448 4176988.598223056 0
1592430055449 667841.8158439558 4176988.551295373 0
1592430055601 667841.7920841308 4176988.5573067865 0
1592430055753 667841.7920841308 4176988.5573067865 0
1592430055904 667841.6865780706 4176988.5831077225 0
1592430056057 667841.6475777957 4176988.5916728443 0
1592430056213 667841.6304381931 4176988.5949880257 0
1592430056365 667841.5613830786 4176988.605741216 0
1592430056516 667841.5048611516 4176988.558120992 0
1592430056668 667841.5048611516 4176988.558120992 0
1592430056821 667841.4144082108 4176988.568920279 0
1592430056977 667841.3580467885 4176988.574799146 0
1592430057130 667841.2791614066 4176988.5825866302 0
1592430057280 667841.2490867781 4176988.585855686 0
1592430057434 667841.2710358223 4176988.509828049 0
1592430057589 667841.2358193984 4176988.513956167 0
1592430057745 667841.1522444098 4176988.524005018 0
1592430057897 667841.1175838746 4176988.528186625 0
1592430058049 667841.1175838746 4176988.528186625 0
1592430058200 667841.003259128 4176988.542547706 0
1592430058351 667840.9913363664 4176988.541371717 0
1592430058503 667840.9169038351 4176988.551220223 0
1592430058655 667840.9169038351 4176988.551220223 0
1592430058805 667840.8405139698 4176988.5614787894 0
1592430058956 667840.7792707118 4176988.5694631985 0
1592430059107 667840.7398722226 4176988.5745177013 0
1592430059258 667840.7161544638 4176988.577550569 0
1592430059408 667840.6928149647 4176988.5497069904 0
1592430059560 667840.6720243581 4176988.552440159 0
1592430059712 667840.6055769571 4176988.5606031194 0
1592430059864 667840.5477991025 4176988.568450076 0
1592430060014 667840.5070099144 4176988.5733066984 0
1592430060166 667840.4717728773 4176988.578144796 0
1592430060317 667840.3361168505 4176988.5407211347 0
1592430060469 667840.3103384903 4176988.544382828 0
1592430060620 667840.3103384903 4176988.544382828 0
1592430060770 667840.2044199519 4176988.5575044528 0
1592430060921 667840.1722549174 4176988.561833242 0
1592430061223 667839.9430519325 4176988.4735523732 0
1592430061375 667839.8794578513 4176988.481589666 0
1592430061526 667839.8298913657 4176988.487826583 0
1592430061677 667839.8298913657 4176988.487826583 0
1592430061827 667839.7468183992 4176988.499426778 0
1592430061979 667839.7468183992 4176988.499426778 0
1592430062130 667839.6009290804 4176988.489607299 0
1592430062311 667839.6009290804 4176988.489607299 0
1592430062461 667839.5615823884 4176988.4952132856 0
1592430062613 667839.4922422855 4176988.5047615743 0
1592430062765 667839.4170018886 4176988.5145110236 0
1592430062915 667839.4170018886 4176988.5145110236 0
1592430063067 667839.3484411241 4176988.524446257 0
1592430063217 667839.2903264309 4176988.9338872912 0
1592430063369 667839.2376143143 4176988.9410541407 0
1592430063521 667839.2055903646 4176988.9455964137 0
1592430063672 667839.1445485216 4176988.953995605 0
1592430063822 667839.1445485216 4176988.953995605 0
1592430063973 667839.0208697213 4176988.9705299763 0
1592430064124 667838.9687952476 4176988.869400435 0
1592430064276 667838.9303756992 4176988.874432943 0
1592430064427 667838.8671298302 4176988.8834039117 0
1592430064578 667838.8671298302 4176988.8834039117 0
1592430064729 667838.7559011546 4176988.8985664705 0
1592430064882 667838.7025274145 4176988.9059637096 0
1592430065034 667838.6179263126 4176988.915947923 0
1592430065187 667838.640158996 4176988.946558281 0
1592430065338 667838.5661333577 4176988.9568236144 0
1592430065489 667838.5036146292 4176988.964961893 0
1592430065640 667838.4658903615 4176988.970070073 0
1592430065791 667838.3943803544 4176988.9796872204 0
1592430065941 667838.3943803544 4176988.9796872204 0
1592430066092 667838.2124000597 4176988.899629286 0
1592430066244 667838.1854234657 4176988.9032303775 0
1592430066396 667838.1491051705 4176988.9080155212 0
1592430066546 667838.1016025529 4176988.914047978 0
1592430066697 667838.0315976142 4176988.9231040343 0
1592430066848 667838.0315976142 4176988.9231040343 0
1592430066999 667837.8283302253 4176988.915373026 0
1592430067151 667837.763917933 4176988.923919691 0
1592430067303 667837.7383430001 4176988.9275305006 0
1592430067455 667837.6539145504 4176988.939003916 0
1592430067606 667837.6539145504 4176988.939003916 0
1592430067756 667837.5627761713 4176988.951619014 0
1592430067907 667837.4542976697 4176988.9255762985 0
1592430068059 667837.4051679191 4176988.932150012 0
1592430068210 667837.3487197347 4176988.9391591856 0
1592430068361 667837.3487197347 4176988.9391591856 0
1592430068512 667837.2408936695 4176988.9532005433 0
1592430068663 667837.1895256438 4176988.959687957 0
1592430068850 667837.1629809729 4176988.9633611315 0
1592430069001 667837.0549326924 4176988.9246157985 0
1592430069153 667836.9519528797 4176988.938119428 0
1592430069305 667836.9188321827 4176988.942801857 0
1592430069456 667836.8924323096 4176988.946637508 0
1592430069606 667836.8122778308 4176988.9578548493 0
1592430069758 667836.6818487805 4176988.8932575854 0
1592430070061 667836.5462875048 4176988.911847994 0
1592430070212 667836.512687326 4176988.916289225 0
1592430070364 667836.450451716 4176988.9249614826 0
1592430070516 667836.3957851585 4176988.932545856 0
1592430070668 667836.3530857675 4176988.938542862 0
1592430070821 667836.3110705346 4176988.8484261693 0
1592430070972 667836.3110705346 4176988.8484261693 0
1592430071123 667836.2513102959 4176988.8559665456 0
1592430071275 667836.1686809101 4176988.8671849375 0
1592430071426 667836.1686809101 4176988.8671849375 0
1592430071577 667836.1074684922 4176988.875339018 0
1592430071727 667835.8869922886 4176988.8702775226 0
1592430071880 667835.8396819106 4176988.876844487 0
1592430072032 667835.7699336603 4176988.8867258593 0
1592430072184 667835.7116231206 4176988.895308658 0
1592430072335 667835.7116231206 4176988.895308658 0
1592430072486 667835.6230123069 4176988.907919209 0
1592430072638 667835.5870923754 4176989.319941996 0
1592430072790 667835.5870923754 4176989.319941996 0
1592430072940 667835.4428742271 4176989.340004675 0
1592430073091 667835.4047577042 4176989.3451925977 0
1592430073243 667835.380909129 4176989.348537172 0
1592430073395 667835.380909129 4176989.348537172 0
1592430073545 667835.2366386487 4176989.245656979 0
1592430073697 667835.1804925553 4176989.252743886 0
1592430073999 667835.0544948038 4176989.2708365135 0
1592430074149 667835.00356273 4176989.277425162 0
1592430074300 667834.963825285 4176989.283497475 0
1592430074452 667834.9028343095 4176989.2654628344 0
1592430074604 667834.866991019 4176989.270408708 0
1592430074755 667834.7898846964 4176989.2808324387 0
1592430074907 667834.7407576379 4176989.287810302 0
1592430075213 667834.6723951418 4176989.2973596863 0
1592430075365 667834.6405147635 4176989.3014285048 0
1592430075517 667834.5844565418 4176989.2722436753 0
1592430075670 667834.5808301588 4176989.3047148664 0
1592430075821 667834.4997201719 4176989.3160293805 0
1592430075973 667834.4997201719 4176989.3160293805 0
1592430076123 667834.4187109203 4176989.3277043514 0
1592430076274 667834.4187109203 4176989.3277043514 0
1592430076425 667834.1406357196 4176989.2474292507 0
1592430076577 667834.1095261406 4176989.251942782 0
1592430076729 667834.1095261406 4176989.251942782 0
1592430076879 667834.0279488696 4176989.264099953 0
1592430077030 667833.9443703621 4176989.275428584 0
1592430077182 667833.9053354574 4176989.280375759 0
1592430077333 667833.8641407487 4176989.2859357116 0
1592430077484 667833.7656942005 4176989.2439760827 0
1592430077635 667833.7017712914 4176989.2526756697 0
1592430077787 667833.6519235006 4176989.2604064066 0
1592430077939 667833.6519235006 4176989.2604064066 0
1592430078090 667833.5841626254 4176989.2694898867 0
1592430078240 667833.5136189922 4176989.2788169617 0
1592430078543 667833.475609106 4176989.2355450573 0
1592430078695 667833.4422415979 4176989.240340547 0
1592430078847 667833.4013524064 4176989.246210147 0
1592430078997 667833.3301790579 4176989.2570265178 0
1592430079152 667833.2979568127 4176989.261480201 0
1592430079305 667833.1050953564 4176989.242965871 0
1592430079514 667833.1050953564 4176989.242965871 0
1592430079674 667833.003487244 4176989.257300043 0
1592430079826 667832.9606846719 4176989.263450841 0
1592430079979 667832.9238885401 4176989.2686509746 0
1592430080131 667832.8749986637 4176989.275334692 0
1592430080282 667832.8382342312 4176989.280268817 0
1592430080435 667832.7018952712 4176989.231499038 0
1592430080587 667832.6500827249 4176989.2389567215 0
1592430080740 667832.6500827249 4176989.2389567215 0
1592430080890 667832.5801674022 4176989.249851102 0
1592430081041 667832.5229524683 4176989.25846842 0
1592430081193 667832.4524780057 4176989.268631211 0
1592430081345 667832.3805692327 4176989.2398164547 0
1592430081496 667832.3805692327 4176989.2398164547 0
1592430081647 667832.2679973849 4176989.2560417033 0
1592430081799 667832.2269741959 4176989.261788038 0
1592430081951 667832.1854015414 4176989.2677776217 0
1592430082103 667832.1360289047 4176989.274839771 0
1592430082254 667831.9773687053 4176989.263805668 0
1592430082406 667831.9445670884 4176989.2682641777 0
1592430082558 667831.8958311448 4176989.27476673 0
1592430082709 667831.8688497521 4176989.278531978 0
1592430082860 667831.8688497521 4176989.278531978 0
1592430083011 667831.778503327 4176989.2913161526 0
1592430083163 667831.6458182083 4176989.6933714603 0
1592430083315 667831.6259305474 4176989.6960976697 0
1592430083465 667831.6259305474 4176989.6960976697 0
1592430083616 667831.5138764167 4176989.7122264737 0
1592430083919 667831.4313415574 4176989.7244972307 0
1592430084070 667831.3950372055 4176989.7298616013 0
1592430084222 667831.2940203911 4176989.662961688 0
1592430084373 667831.1943067289 4176989.6763775386 0
1592430084525 667831.1007814481 4176989.689665847 0
1592430084675 667831.1007814481 4176989.689665847 0
1592430084826 667831.0473266265 4176989.6972684725 0
1592430084978 667831.0473266265 4176989.6972684725 0
1592430085130 667830.9973566929 4176989.6368978512 0
1592430085485 667830.8969386347 4176989.6513395263 0
1592430085638 667830.8820827755 4176989.653321561 0
1592430085789 667830.8017422486 4176989.663915409 0
1592430085940 667830.8017422486 4176989.663915409 0
1592430086091 667830.6045790788 4176989.589749097 0
1592430086243 667830.5833735624 4176989.5926112225 0
1592430086394 667830.52600519 4176989.600604376 0
1592430086696 667830.4132865007 4176989.615793746 0
1592430086848 667830.362168923 4176989.622993604 0
1592430086999 667830.2769641699 4176989.6633236157 0
1592430087151 667830.2624449035 4176989.646156301 0
1592430087303 667830.2624449035 4176989.646156301 0
1592430087605 667830.1006598904 4176989.6698838007 0
1592430087907 667830.0015447923 4176989.6838252284 0
1592430088058 667829.8969914648 4176989.6309016095 0
1592430088209 667829.8969914648 4176989.6309016095 0
1592430088361 667829.7529511965 4176989.6513444115 0
1592430088512 667829.7200258216 4176989.655768665 0
1592430088663 667829.6588508966 4176989.6646274435 0
1592430088815 667829.6282856782 4176989.6692335126 0
1592430088967 667829.5685610424 4176989.655118578 0
1592430089118 667829.5218990399 4176989.661369579 0
1592430089271 667829.5218990399 4176989.661369579 0
1592430089422 667829.4225741014 4176989.675066437 0
1592430089574 667829.3748033497 4176989.6819724445 0
1592430089726 667829.3232655338 4176989.6897400026 0
1592430089879 667829.2247575507 4176989.630124067 0
1592430090030 667829.1777902988 4176989.6368262563 0
1592430090181 667829.1777902988 4176989.6368262563 0
1592430090332 667829.1777902988 4176989.6368262563 0
1592430090482 667829.0278339181 4176989.6580183427 0
1592430090634 667828.993409391 4176989.662969167 0
1592430090786 667828.8334404855 4176989.631525249 0
1592430090938 667828.8153069643 4176989.5966014042 0
1592430091089 667828.8153069643 4176989.5966014042 0
1592430091446 667828.6150458888 4176989.625862316 0
1592430091598 667828.582854866 4176989.630555887 0
1592430091749 667828.4328034471 4176989.6210901383 0
1592430091901 667828.4040807934 4176989.625380193 0
1592430092052 667828.3347058517 4176989.634591482 0
1592430092204 667828.2935360594 4176989.6401869184 0
1592430092357 667828.2726953314 4176989.643011323 0
1592430092509 667828.1976910402 4176989.653703793 0
1592430092661 667828.1455538361 4176989.661102056 0
1592430092813 667828.1193505934 4176989.5797675825 0
1592430092964 667828.037963064 4176989.5910934047 0
1592430093116 667827.9838917177 4176989.59859562 0
1592430093267 667827.9483277567 4176989.6036379565 0
1592430093418 667827.874958759 4176989.613688445 0
1592430093569 667827.874958759 4176989.613688445 0
1592430093720 667827.8071478035 4176989.624382773 0
1592430093872 667827.7540556847 4176989.6314577726 0
1592430094024 667827.7345812754 4176989.6341995914 0
1592430094176 667827.6830848523 4176989.6417175825 0
1592430094327 667827.5882549331 4176989.6550597427 0
1592430094480 667827.550323248 4176989.660208949 0
1592430094636 667827.4204674857 4176989.5885852207 0
1592430094788 667827.3962044873 4176989.5921218195 0
1592430094939 667827.335221571 4176989.601050244 0
1592430095090 667827.2951760987 4176989.6069510328 0
1592430095242 667827.2471900268 4176989.613703699 0
1592430095393 667827.1709825546 4176989.624444124 0
1592430095545 667827.0696497322 4176989.594765838 0
1592430095696 667827.041283891 4176989.5599821405 0
1592430096000 667826.981477868 4176989.568773569 0
1592430096152 667826.932333492 4176989.5760268494 0
1592430096304 667826.8628329366 4176989.586998591 0
1592430096675 667826.6455819011 4176989.54490058 0
1592430096826 667826.5756519841 4176989.5546953473 0
1592430096978 667826.5756519841 4176989.5546953473 0
1592430097129 667826.47244685 4176989.5694388896 0
1592430097281 667826.4288633713 4176989.5755852116 0
1592430097433 667826.3827805958 4176989.5821355493 0
1592430097584 667826.2810486539 4176989.606021782 0
1592430097736 667826.2810486539 4176989.606021782 0
1592430097888 667826.1526742737 4176989.6247284664 0
1592430098039 667826.1119828074 4176989.630390038 0
1592430098191 667826.1119828074 4176989.630390038 0
1592430098343 667826.0072180997 4176989.6452212976 0
1592430098494 667825.9517765831 4176989.585727895 0
1592430098646 667825.8763530268 4176989.595875458 0
1592430098797 667825.8244803676 4176989.6031336403 0
1592430098949 667825.7605853261 4176989.611632318 0
1592430099251 667825.7605853261 4176989.611632318 0
1592430099402 667825.5835602393 4176989.5342709175 0
1592430099556 667825.5272459658 4176989.501952697 0
1592430099707 667825.4762292482 4176989.508996623 0
1592430099859 667825.4163235256 4176989.517820769 0
1592430100011 667825.4163235256 4176989.517820769 0
1592430100162 667825.3002822242 4176989.534857368 0
1592430100314 667825.3002822242 4176989.534857368 0
1592430100465 667825.2069787348 4176989.5000556046 0
1592430100617 667825.1736570282 4176989.50473437 0
1592430100769 667825.1736570282 4176989.50473437 0
1592430100920 667825.0348187608 4176989.5254614973 0
1592430101071 667825.0036727207 4176989.529818658 0
1592430101374 667824.8402344848 4176989.526937636 0
1592430101526 667824.8402344848 4176989.526937636 0
1592430101676 667824.7201456156 4176989.5438718237 0
1592430101828 667824.6925778223 4176989.547512204 0
1592430101980 667824.6367933293 4176989.555411019 0
1592430102134 667824.6152174997 4176989.5583242634 0
1592430102286 667824.4902661454 4176989.5188022368 0
1592430102438 667824.4902661454 4176989.5188022368 0
1592430102589 667824.3907774152 4176989.5322699836 0
1592430102894 667824.2744192118 4176989.5484851804 0
1592430103376 667824.1344264175 4176989.5059413905 0
1592430103679 667824.0396670458 4176989.519388702 0
1592430103831 667824.0006720966 4176989.52538942 0
1592430103983 667824.0006720966 4176989.52538942 0
1592430104284 667823.7832861599 4176989.491591819 0
1592430104435 667823.7457623786 4176989.497077397 0
1592430104587 667823.6753043726 4176989.5073181097 0
1592430104739 667823.6753043726 4176989.5073181097 0
1592430104890 667823.5773997013 4176989.52065337 0
1592430105042 667823.5429504865 4176989.525753029 0
1592430105194 667823.5297733301 4176989.4818090675 0
1592430105345 667823.4486030051 4176989.493204561 0
1592430105648 667823.3619235288 4176989.5054125986 0
1592430105952 667823.2388563266 4176989.523715771 0
1592430106102 667823.2011236358 4176989.4943117653 0
1592430106255 667823.1299017356 4176989.5189864566 0
1592430106407 667822.9960693045 4176989.5389686245 0
1592430106709 667822.8845387342 4176989.554331502 0
1592430107011 667822.8845387342 4176989.554331502 0
1592430107162 667822.7646537118 4176989.4886970315 0
1592430107314 667822.7370428264 4176989.492703563 0
1592430107464 667822.6608721174 4176989.503536028 0
1592430107616 667822.6608721174 4176989.503536028 0
1592430107767 667822.6068422243 4176989.512083931 0
1592430107919 667822.6068422243 4176989.512083931 0
1592430108069 667822.4546439933 4176989.482243609 0
1592430108221 667822.4400276842 4176989.4842839763 0
1592430108373 667822.3783402379 4176989.4927012105 0
1592430108528 667822.2979874774 4176989.504023445 0
1592430108679 667822.2884141512 4176989.5054105357 0
1592430108831 667822.1988352549 4176989.517159226 0
1592430108983 667822.2089190938 4176989.489243884 0
1592430109135 667822.1390106006 4176989.4997004997 0
1592430109286 667822.0815325651 4176989.5083453646 0
1592430109438 667822.0328632679 4176989.5153613407 0
1592430109590 667822.0328632679 4176989.5153613407 0
1592430109744 667821.9602883232 4176989.5258562015 0
1592430110004 667821.8584912402 4176989.415135848 0
1592430110156 667821.7769683284 4176989.4265618366 0
1592430110307 667821.7769683284 4176989.4265618366 0
1592430110457 667821.7097631103 4176989.4358024052 0
1592430110609 667821.6221127895 4176989.448557019 0
1592430110761 667821.587357622 4176989.4537927997 0
1592430110915 667821.4727246885 4176989.484183104 0
1592430111066 667821.426153194 4176989.490804945 0
1592430111221 667821.3904948144 4176989.4959311155 0
1592430111374 667821.3231975796 4176989.5054772072 0
1592430111529 667821.2657801806 4176989.5138702495 0
1592430111680 667821.2265489073 4176989.5194968977 0
1592430111832 667821.1627236479 4176989.459735055 0
1592430111985 667821.1004724272 4176989.4685637937 0
1592430112136 667821.0550946235 4176989.475140547 0
1592430112288 667821.0550946235 4176989.475140547 0
1592430112439 667820.9537479195 4176989.4905820764 0
1592430112591 667820.9537479195 4176989.4905820764 0
1592430112893 667820.9189964677 4176989.4904644513 0
1592430113045 667820.8534797046 4176989.5003592013 0
1592430113195 667820.8191623368 4176989.5052873758 0
1592430113350 667820.7528655904 4176989.5148990247 0
1592430113501 667820.7528655904 4176989.5148990247 0
1592430113653 667820.6539543663 4176989.5285704792 0
1592430113805 667820.6982553041 4176989.461631739 0
1592430113957 667820.6344734436 4176989.47115296 0
1592430114108 667820.5863645626 4176989.478234952 0
1592430114259 667820.5578502544 4176989.482152047 0
1592430114411 667820.4821540923 4176989.4924139967 0
1592430114562 667820.4355810045 4176989.498591325 0
1592430114717 667820.3745795108 4176989.401065463 0
1592430114868 667820.3745795108 4176989.401065463 0
1592430115019 667820.2799538891 4176989.4132342814 0
1592430115172 667820.1974720098 4176989.4244957496 0
1592430115323 667820.1735286284 4176989.4279536246 0
1592430115688 667820.2842901843 4176989.4127008095 0
1592430115840 667820.2129785871 4176989.4233022593 0
1592430116142 667820.1135895125 4176989.4376567947 0
1592430116444 667820.0443116303 4176989.44746308 0
1592430116599 667820.135143337 4176989.3987686564 0
1592430116752 667820.135143337 4176989.3987686564 0
1592430116903 667820.1050431221 4176989.412521036 0
1592430117055 667820.0531573428 4176989.420225197 0
1592430117207 667819.9755356482 4176989.4311106307 0
1592430117359 667819.9578688858 4176989.433536692 0
1592430117511 667819.8949107834 4176989.4420535476 0
1592430117662 667819.8445895594 4176988.9984526657 0
1592430117814 667819.7234774204 4176989.014744772 0
1592430117966 667819.712579345 4176989.01626631 0
1592430118118 667819.6593479778 4176989.0237700953 0
1592430118269 667819.5700628636 4176989.0360183413 0
1592430118421 667819.5405647056 4176989.039836822 0
1592430118573 667819.4272850065 4176988.9701436833 0
1592430118725 667819.3654041985 4176988.9782002848 0
1592430118876 667819.3654041985 4176988.9782002848 0
1592430119027 667819.2766062176 4176988.990160017 0
1592430119179 667819.2050249795 4176989.000152767 0
1592430119482 667819.1843995247 4176989.005798742 0
1592430119633 667819.1843995247 4176989.005798742 0
1592430119784 667819.1843995247 4176989.005798742 0
1592430119936 667819.0464487025 4176989.0252768113 0
1592430120089 667819.0120071193 4176989.029873676 0
1592430120239 667818.9383470525 4176989.039989937 0
1592430120391 667818.7650213153 4176989.3912276407 0
1592430120544 667818.6869774953 4176989.4020764274 0
1592430120696 667818.6228262212 4176989.4112256723 0
1592430120848 667818.5843992779 4176989.4168422623 0
1592430120999 667818.5269256758 4176989.425002125 0
1592430121151 667818.4518334449 4176989.4354830356 0
1592430121303 667818.4219242902 4176989.439732786 0
1592430121455 667818.2767221068 4176989.4059050106 0
1592430121689 667818.2767221068 4176989.4059050106 0
1592430121843 667818.1311501334 4176989.426951328 0
1592430121995 667818.0885202268 4176989.432820539 0
1592430122147 667818.0885202268 4176989.432820539 0
1592430122298 667817.7480643111 4176988.9262817134 0
1592430122449 667817.7377796888 4176988.9277244764 0
1592430122601 667817.6639953966 4176988.9378452133 0
1592430122754 667817.6175711406 4176988.9445431666 0
1592430122906 667817.5543719137 4176988.953783906 0
1592430123057 667817.4989114632 4176988.9613976646 0
1592430123360 667817.2737434154 4176988.9115804266 0
1592430123512 667817.2406492068 4176988.91636481 0
1592430123663 667817.2406492068 4176988.91636481 0
1592430123814 667817.1342415975 4176988.930991924 0
1592430123966 667817.1342415975 4176988.930991924 0
1592430124117 667817.0384338505 4176988.9448384587 0
1592430124269 667816.941974296 4176988.925088342 0
1592430124420 667816.941974296 4176988.925088342 0
1592430124571 667816.8869739271 4176988.9321951824 0
1592430124723 667816.8490445281 4176988.9369011926 0
1592430124875 667816.8209190066 4176988.9405098557 0
1592430125026 667816.8209190066 4176988.9405098557 0
1592430125177 667816.5744487089 4176988.9286861066 0
1592430125329 667816.5384398666 4176988.9333826406 0
1592430125481 667816.5065836608 4176988.937685566 0
1592430125632 667816.4654719866 4176988.943315051 0
1592430125784 667816.4654719866 4176988.943315051 0
1592430126087 667816.1638490811 4176988.9318117383 0
1592430126239 667816.1638490811 4176988.9318117383 0
1592430126389 667816.1638490811 4176988.9318117383 0
1592430126540 667815.9690293669 4176988.9584058058 0
1592430126692 667815.9690293669 4176988.9584058058 0
1592430126843 667815.8598405492 4176988.972550399 0
1592430126994 667815.8194444028 4176988.437542089 0
1592430127146 667815.8542383818 4176988.422354658 0
1592430127298 667815.779203653 4176988.431552175 0
1592430127450 667815.7369772608 4176988.437147635 0
1592430127601 667815.7068523339 4176988.441262351 0
1592430127757 667815.7068523339 4176988.441262351 0
1592430127909 667815.620212922 4176988.4528473997 0
1592430128061 667815.7558346452 4176988.000478001 0
1592430128212 667815.6996375561 4176988.0049441294 0
1592430128364 667815.6466117703 4176988.006600148 0
1592430128516 667815.6466117703 4176988.006600148 0
1592430128667 667815.5546332642 4176988.0004219282 0
1592430128819 667815.5170906419 4176987.9954112438 0
1592430128970 667815.5144081101 4176987.994789297 0
1592430129122 667815.7271772483 4176988.0244316626 0
1592430129274 667815.7271772483 4176988.0244316626 0
1592430129425 667815.6848818288 4176988.0058506057 0
1592430129727 667815.6271029707 4176987.975041587 0
1592430129880 667815.5339203285 4176987.9170135795 0
1592430130032 667816.0077978062 4176987.986214235 0
1592430130183 667815.9339350325 4176987.9367773067 0
1592430130335 667815.89568861 4176987.910017816 0
1592430130487 667815.8682583994 4176987.888930857 0
1592430130639 667815.8424523808 4176987.86669712 0
1592430130790 667815.8424523808 4176987.86669712 0
1592430130941 667816.2286794273 4176987.987785164 0
1592430131093 667816.2099621973 4176987.96484208 0
1592430131245 667816.1805072743 4176987.922933513 0
1592430131398 667816.1488642518 4176987.873259641 0
1592430131549 667816.1488642518 4176987.873259641 0
1592430131700 667816.1081435231 4176987.7921516146 0
1592430131852 667816.5114054148 4176987.9908368965 0
1592430132003 667816.504773065 4176987.966992067 0
1592430132155 667816.4954839782 4176987.9231161997 0
1592430132307 667816.4888224294 4176987.8546214807 0
1592430132458 667816.4890222816 4176987.8175549535 0
1592430132610 667816.4890222816 4176987.8175549535 0
1592430132912 667816.6004452251 4176988.0040556267 0
1592430133063 667816.6455817969 4176987.8237005244 0
1592430133517 667816.7116402809 4176987.6895565814 0
1592430133673 667816.8095977048 4176988.0538842957 0
1592430133824 667816.858839667 4176988.000157886 0
1592430134127 667816.9276574976 4176987.9398980057 0
1592430134278 667817.0165518125 4176987.876466759 0
1592430134429 667817.0672087483 4176987.8424557103 0
1592430134580 667817.0992439681 4176987.8212001277 0
1592430134956 667817.1996783328 4176988.004547569 0
1592430135106 667817.1996783328 4176988.004547569 0
1592430135257 667817.2934896554 4176987.942701561 0
1592430135558 667817.4792305712 4176988.0537834554 0
1592430135709 667817.4845741518 4176988.0660507847 0
1592430135861 667817.5310338372 4176988.047947343 0
1592430136012 667817.5559186724 4176988.0385182495 0
1592430136163 667817.6070101899 4176988.0194886937 0
1592430136315 667817.6519765329 4176988.0024155956 0
1592430136465 667817.6975712334 4176987.9846599824 0
1592430136768 667817.8340092158 4176988.066020091 0
1592430136920 667817.8924689009 4176988.042892988 0
1592430137072 667817.8924689009 4176988.042892988 0
1592430137222 667817.9860061514 4176988.005323748 0
1592430137374 667818.0421965555 4176987.9834907176 0
1592430137525 667818.1657826524 4176988.06705967 0
1592430137677 667818.1787541203 4176988.0636193627 0
1592430137830 667818.2564327456 4176988.0441816133 0
1592430137981 667818.3102421382 4176988.0305549707 0
1592430138132 667818.3675368128 4176988.0157048423 0
1592430138283 667818.4125288428 4176988.0040241107 0
1592430138433 667818.8065962753 4176988.489749327 0
1592430138584 667818.8461154134 4176988.477618794 0
1592430138735 667818.8696671176 4176988.469098546 0
1592430138886 667818.8696671176 4176988.469098546 0
1592430139036 667818.9824617687 4176988.424232661 0
1592430139187 667819.0351666078 4176988.4033688125 0
1592430139339 667819.3767172293 4176988.5209965915 0
1592430139491 667819.3336810366 4176988.536373001 0
1592430139642 667819.3464184689 4176988.53167771 0
1592430139793 667819.4171167782 4176988.504745114 0
1592430140095 667819.499184313 4176988.4735795474 0
1592430140245 667819.5702886973 4176988.4471830376 0
1592430140396 667819.7830965299 4176988.540195152 0
1592430140699 667819.8559537164 4176988.5125842122 0
1592430140908 667819.8932350208 4176988.4986319947 0
1592430141059 667819.977513938 4176988.466729437 0
1592430141211 667819.977513938 4176988.466729437 0
1592430141362 667820.2647374978 4176988.5138637037 0
1592430141514 667820.3137863465 4176988.495435027 0
1592430141665 667820.3446877347 4176988.483477614 0
1592430141817 667820.4271122209 4176988.4522317816 0
1592430141969 667820.4271122209 4176988.4522317816 0
1592430142120 667820.5120153084 4176988.4203488342 0
1592430142271 667820.5324949125 4176988.51914131 0
1592430142423 667820.6133089261 4176988.487644474 0
1592430142726 667820.6383147475 4176988.4778272933 0
1592430142877 667820.7418596713 4176988.438251261 0
1592430143029 667820.7988317836 4176988.4166679475 0
1592430143181 667820.8735958062 4176988.1068479037 0
1592430143333 667820.8976385946 4176988.097546246 0
1592430143485 667820.9728343659 4176988.068669774 0
1592430143636 667820.9728343659 4176988.068669774 0
1592430143787 667821.0732587837 4176988.0305133415 0
1592430143939 667821.1166926556 4176988.0145130507 0
1592430144091 667821.4162202695 4176988.1181577537 0
1592430144243 667821.475337883 4176988.0954887257 0
1592430144395 667821.5096341716 4176988.0823238636 0
1592430144549 667821.5750019525 4176988.0570609444 0
1592430144701 667821.6112387828 4176988.043092777 0
1592430144851 667821.6112387828 4176988.043092777 0
1592430145002 667822.0134912494 4176988.105767383 0
1592430145153 667821.9817434761 4176988.1331857378 0
1592430145305 667821.9817434761 4176988.1331857378 0
1592430145455 667822.039400577 4176988.111589628 0
1592430145607 667822.0837588618 4176988.09473426 0
1592430145759 667822.1516820306 4176988.0689891013 0
1592430145911 667822.1920885849 4176988.053557595 0
1592430146062 667822.3242983251 4176988.1368255927 0
1592430146214 667822.359268414 4176988.1235364284 0
1592430146366 667822.359268414 4176988.1235364284 0
1592430146517 667822.4490338112 4176988.088715171 0
1592430146669 667822.4803141145 4176988.0764922714 0
1592430146971 667822.8485995628 4176988.1288525187 0
1592430147289 667822.9571840238 4176988.0869799056 0
1592430147440 667822.9855639179 4176988.0762270936 0
1592430147592 667823.0381570491 4176988.0567678735 0
1592430147744 667823.0954730958 4176988.0344712427 0
1592430147896 667823.1350498552 4176988.0192761184 0
1592430148047 667823.0306390988 4176988.5885608606 0
1592430148199 667823.1277676083 4176988.551784669 0
1592430148351 667823.1646398597 4176988.5377326678 0
1592430148503 667823.1961683877 4176988.5257949387 0
1592430148654 667823.2557225017 4176988.5030012974 0
1592430148806 667823.3244613294 4176988.4770128024 0
1592430148958 667823.3799689283 4176988.6423502937 0
1592430149110 667823.423124505 4176988.625842638 0
1592430149261 667823.4884020225 4176988.600572642 0
1592430149412 667823.5312277006 4176988.5842649746 0
1592430149564 667823.5783054607 4176988.5661843102 0
1592430149716 667823.6289934675 4176988.5473140357 0
1592430149868 667823.6892296225 4176988.14832765 0
1592430150019 667823.7794013515 4176988.113414505 0
1592430150170 667823.7794013515 4176988.113414505 0
1592430150321 667823.8708837345 4176988.0781264124 0
1592430150475 667823.8708837345 4176988.0781264124 0
1592430150626 667823.95124577 4176988.0467619738 0
1592430150777 667823.8351129936 4176988.5715106986 0
1592430150929 667823.8351129936 4176988.5715106986 0
1592430151080 667823.9091031235 4176988.5423015836 0
1592430151232 667823.9847262558 4176988.513466586 0
1592430151383 667824.0255746808 4176988.497914995 0
1592430151535 667824.0730754334 4176988.4791157385 0
1592430151687 667824.0730754334 4176988.4791157385 0
1592430151838 667824.1800134723 4176988.628103272 0
1592430151990 667824.2154938186 4176988.6142783086 0
1592430152141 667824.2816796006 4176988.5889163134 0
1592430152293 667824.3290329542 4176988.570487277 0
1592430152450 667824.3602163695 4176988.5586689943 0
1592430152602 667824.3602163695 4176988.5586689943 0
1592430152752 667824.5047204713 4176988.6121972767 0
1592430152904 667824.5608451853 4176988.590089034 0
1592430153056 667824.5608451853 4176988.590089034 0
1592430153207 667824.6152228949 4176988.5683832997 0
1592430153361 667824.6621144346 4176988.5502497773 0
1592430153512 667824.7193942431 4176988.5283105364 0
1592430153666 667824.7360206274 4176988.5218913634 0
1592430153969 667824.8225309562 4176988.6234538504 0
1592430154120 667824.8696648885 4176988.604865313 0
1592430154272 667824.8696648885 4176988.604865313 0
1592430154423 667824.9556955454 4176988.5709534376 0
1592430154575 667825.0156006846 4176988.547741914 0
1592430154727 667825.1610379852 4176988.666178231 0
1592430154878 667825.1610379852 4176988.666178231 0
1592430155029 667825.2467951718 4176988.632189488 0
1592430155185 667825.291698111 4176988.6148217386 0
1592430155337 667825.3433322358 4176988.5948547856 0
1592430155488 667825.3945891986 4176988.575230374 0
1592430155640 667825.3983111214 4176988.6548942514 0
1592430155792 667825.4290224579 4176988.6429885356 0
1592430155944 667825.4979062588 4176988.6162647465 0
1592430156095 667825.541787018 4176988.5991679532 0
1592430156247 667825.5764546575 4176988.5856183507 0
1592430156399 667825.6311175226 4176988.564167177 0
1592430156550 667825.8010198872 4176988.6255437844 0
1592430156701 667825.8309601449 4176988.6139277583 0
1592430156853 667825.8542653114 4176988.604921009 0
1592430157005 667825.9129280745 4176988.5819890057 0
1592430157157 667825.9129280745 4176988.5819890057 0
1592430157308 667826.0165036821 4176988.54178138 0
1592430157459 667826.0485548144 4176988.5294696223 0
1592430157611 667826.128060529 4176988.616062338 0
1592430157763 667826.1590406052 4176988.60383994 0
1592430157915 667826.232433176 4176988.575435468 0
1592430158066 667826.2789432189 4176988.55761453 0
1592430158218 667826.3180908512 4176988.5424133413 0
1592430158370 667826.3522159894 4176988.5291308453 0
1592430158522 667826.4759756926 4176988.665927374 0
1592430158673 667826.5251570333 4176988.6470274604 0
1592430158825 667826.5705564959 4176988.6298101502 0
1592430159128 667826.6342776825 4176988.60484132 0
1592430159279 667826.6775063759 4176988.588192977 0
1592430159431 667826.7108815855 4176988.575208812 0
1592430159583 667826.7915680058 4176988.6770590576 0
1592430159734 667826.8549514666 4176988.6525101117 0
1592430159886 667826.8962460796 4176988.6360130385 0
1592430160036 667826.9195313713 4176988.6269244463 0
1592430160188 667826.9819923022 4176988.6027943403 0
1592430160340 667827.0238173106 4176988.5864679767 0
1592430160492 667827.2082845081 4176988.64936936 0
1592430160643 667827.2464921087 4176988.6342151654 0
1592430160795 667827.2807283921 4176988.620785722 0
1592430160951 667827.3214754367 4176988.6046092873 0
1592430161104 667827.3214754367 4176988.6046092873 0
1592430161255 667827.4410912521 4176988.5577663668 0
1592430161416 667827.644993361 4176988.692074806 0
1592430161571 667827.6832987807 4176988.6770055327 0
1592430161726 667827.6832987807 4176988.6770055327 0
1592430161880 667827.7852367361 4176988.636854688 0
1592430162032 667827.8142726199 4176988.6258048927 0
1592430162184 667827.8426435556 4176988.6146540577 0
1592430162398 667827.9868357722 4176988.691310176 0
1592430162549 667828.0882657907 4176988.6524236286 0
1592430162701 667828.1221478038 4176988.6392293945 0
1592430162853 667828.1467349812 4176988.630021186 0
1592430163005 667828.2205646505 4176988.601875009 0
1592430163156 667828.2712569906 4176988.5823531854 0
1592430163308 667828.3283377594 4176988.6966285184 0
1592430163460 667828.4134031581 4176988.663420459 0
1592430163612 667828.4134031581 4176988.663420459 0
1592430163915 667828.5070556663 4176988.6270319247 0
1592430164067 667828.5070556663 4176988.6270319247 0
1592430164218 667828.6557585135 4176988.7031085514 0
1592430164369 667828.7243460828 4176988.7126636063 0
1592430164521 667828.7562385801 4176988.700526621 0
1592430164673 667828.8030527956 4176988.6827117926 0
1592430164825 667828.8725800031 4176988.6570340223 0
1592430164977 667828.9074332989 4176988.6437207405 0
1592430165129 667828.975431436 4176988.6170800105 0
1592430165280 667828.993935109 4176988.7135123536 0
1592430165431 667828.993935109 4176988.7135123536 0
1592430165582 667829.0857648447 4176988.6770028183 0
1592430165734 667829.1512266484 4176988.6514080106 0
1592430165886 667829.1847399927 4176988.637612155 0
1592430166038 667829.2308427776 4176988.619416781 0
1592430166189 667829.3482402236 4176988.675199975 0
1592430166341 667829.4102288395 4176988.6502578687 0
1592430166493 667829.4566051178 4176988.6315754256 0
1592430166645 667829.4566051178 4176988.6315754256 0
1592430166795 667829.5254320155 4176988.6041000276 0
1592430166947 667829.576050001 4176988.58410276 0
1592430167099 667829.5783658914 4176988.5831869002 0
1592430167251 667829.6429350697 4176988.7132130964 0
1592430167403 667829.7735978282 4176988.6609418024 0
1592430167554 667829.8146636422 4176988.6450516437 0
1592430167706 667829.8469543507 4176988.6323623476 0
1592430167858 667829.8736926928 4176988.6220596074 0
1592430168010 667829.8736926928 4176988.6220596074 0
1592430168160 667829.9339678675 4176988.700889191 0
1592430168312 667829.9846586011 4176988.6813257607 0
1592430168464 667830.0308059169 4176988.6633012756 0
1592430168616 667830.0764316164 4176988.6454264997 0
1592430168766 667830.0764316164 4176988.6454264997 0
1592430168917 667830.1784639703 4176988.6059904634 0
1592430169068 667830.3045504066 4176988.739283051 0
1592430169220 667830.3272756455 4176988.7303438834 0
1592430169372 667830.3909312178 4176988.7054235553 0
1592430169523 667830.4510451762 4176988.68223751 0
1592430169675 667830.4510451762 4176988.68223751 0
1592430169826 667830.5479314235 4176988.6445431206 0
1592430169978 667830.6272732576 4176988.730546399 0
1592430170130 667830.6589044231 4176988.718409967 0
1592430170281 667830.7295369975 4176988.691123567 0
1592430170433 667830.7629516533 4176988.678004647 0
1592430170736 667830.8352013621 4176988.649414536 0
1592430170887 667831.000139466 4176988.7649771012 0
1592430171039 667831.0001386068 4176988.7268763403 0
1592430171191 667831.0478914789 4176988.7081377357 0
1592430171343 667831.0823891967 4176988.694601279 0
1592430171495 667831.1335935146 4176988.6746763363 0
1592430171646 667831.2066034161 4176988.6464441116 0
1592430171798 667831.2349721441 4176988.6356117353 0
1592430171950 667831.3531671757 4176988.785460161 0
1592430172102 667831.3531671757 4176988.785460161 0
1592430172252 667831.4270828597 4176988.7571374555 0
1592430172403 667831.4856682811 4176988.7338609165 0
1592430172555 667831.5383254988 4176988.713273884 0
1592430172707 667831.5383254988 4176988.713273884 0
1592430172857 667831.666081815 4176988.7550790696 0
1592430173009 667831.6828602141 4176988.748505239 0
1592430173335 667831.7488397103 4176988.722668326 0
1592430173486 667831.8510790905 4176988.683301873 0
1592430173638 667831.8510790905 4176988.683301873 0
1592430173789 667831.9808705453 4176988.7714620703 0
1592430173941 667832.0376354192 4176988.749320904 0
1592430174092 667832.0537505856 4176988.7430773443 0
1592430174244 667832.1267603867 4176988.714593139 0
1592430174546 667832.1925682633 4176988.6888435925 0
1592430174697 667832.3073107897 4176988.7727988656 0
1592430174849 667832.3073107897 4176988.7727988656 0
1592430175000 667832.4125747626 4176988.7322217966 0
1592430175160 667832.440200299 4176988.721710475 0
1592430175310 667832.5000719276 4176988.6990846046 0
1592430175462 667832.5475306977 4176988.680440745 0
1592430175617 667832.7043097713 4176988.7726541664 0
1592430175769 667832.7338354886 4176988.761024047 0
1592430175920 667832.7981225684 4176988.7360997624 0
1592430176071 667832.7981225684 4176988.7360997624 0
1592430176222 667832.8945907303 4176988.699327521 0
1592430176373 667832.9264013149 4176988.687102936 0
1592430176525 667833.1164306216 4176988.319325806 0
1592430176677 667833.0906380742 4176988.3845718093 0
1592430176829 667833.1307094855 4176988.3688130095 0
1592430176981 667833.1840654997 4176988.3476194427 0
1592430177133 667833.2269507293 4176988.330838566 0
1592430177350 667833.2770783621 4176988.311250778 0
1592430177501 667833.3168991108 4176988.295616628 0
1592430177653 667833.5154986836 4176988.349933031 0
1592430177805 667833.6069446433 4176988.3148588007 0
1592430177956 667833.6783116283 4176988.2867472167 0
1592430178108 667833.6783116283 4176988.2867472167 0
1592430178261 667833.7376297286 4176988.26394485 0
1592430178413 667833.8203244017 4176988.2317059515 0
1592430178564 667833.9337723999 4176988.3410826917 0
1592430178716 667834.0146619091 4176988.309558816 0
1592430178868 667834.0734856568 4176988.286963521 0
1592430179020 667834.0859989029 4176988.2821520986 0
1592430179172 667834.1474528433 4176988.2585280165 0
1592430179323 667834.2053363733 4176988.235919994 0
1592430179475 667834.2536742948 4176988.3543431484 0
1592430179778 667834.3627777956 4176988.3111097272 0
1592430179929 667834.4206397918 4176988.2883110475 0
1592430180085 667834.4512412827 4176988.2764900113 0
1592430180238 667834.5049526579 4176988.255373157 0
1592430180390 667834.6596794855 4176988.3996662623 0
1592430180541 667834.7228499834 4176988.376141168 0
1592430180693 667834.7517982211 4176988.3651692425 0
1592430180996 667834.847061929 4176988.3276570775 0
1592430181147 667834.8941965551 4176988.3093225984 0
1592430181299 667835.0218714327 4176988.433316408 0
1592430181450 667835.0642514761 4176988.41678186 0
1592430181601 667835.0985591364 4176988.4031523936 0
1592430181753 667835.1547161636 4176988.3812482585 0
1592430182057 667835.1959469751 4176988.3649698244 0
1592430182209 667835.2967995252 4176988.324870188 0
1592430182360 667835.403396105 4176988.399663857 0
1592430182511 667835.4407965508 4176988.38511374 0
1592430182663 667835.4906117085 4176988.366118321 0
1592430182819 667835.5193810316 4176988.3549118987 0
1592430182971 667835.5572612842 4176988.340723254 0
1592430183122 667835.6294723859 4176988.3126367577 0
1592430183274 667835.6691293604 4176988.3773397813 0
1592430183426 667835.7035659322 4176988.363788467 0
1592430183578 667835.7398218092 4176988.3495068992 0
1592430183729 667835.813351835 4176988.3211684907 0
1592430183881 667835.8364175502 4176988.3122612005 0
1592430184033 667835.8973491114 4176988.2886015195 0
1592430184185 667836.0276487053 4176988.8340439014 0
1592430184336 667836.087748746 4176988.8098031133 0
1592430184487 667836.1488772879 4176988.785521497 0
1592430184639 667836.1815278735 4176988.7728015333 0
1592430184791 667836.1815278735 4176988.7728015333 0
1592430184942 667836.2830892496 4176988.732731934 0
1592430185093 667836.4194470351 4176988.877191954 0
1592430185247 667836.4888157847 4176988.850140733 0
1592430185401 667836.5400433254 4176988.8299274105 0
1592430185552 667836.5400433254 4176988.8299274105 0
1592430185853 667836.6758724157 4176988.7767476556 0
1592430186005 667836.8271238253 4176988.8735758956 0
1592430186158 667836.8550446156 4176988.862584748 0
1592430186310 667836.903637094 4176988.844150609 0
1592430186612 667837.0087392589 4176988.802360795 0
1592430186764 667837.0087392589 4176988.802360795 0
1592430186915 667837.1025066454 4176988.7653481434 0
1592430187067 667837.0680222566 4176988.8867043937 0
1592430187218 667837.1286447028 4176988.8621443263 0
1592430187370 667837.1609094853 4176988.8497536373 0
1592430187673 667837.255801401 4176988.813253276 0
1592430187824 667837.2794002987 4176988.803887752 0
1592430187976 667837.4128574858 4176988.877102508 0
1592430188128 667837.4607517928 4176988.85825748 0
1592430188359 667837.5169315508 4176988.8365192534 0
1592430188510 667837.5613585456 4176988.819280678 0
1592430188664 667837.5882364555 4176988.8089252776 0
1592430188816 667837.6602664251 4176988.7811145624 0
1592430188968 667837.7188022946 4176988.884858965 0
1592430189119 667837.7486919251 4176988.8733148845 0
1592430189272 667837.7797528743 4176988.8611458507 0
1592430189424 667837.8656654176 4176988.827781 0
1592430189576 667837.8845866608 4176988.8205239596 0
1592430189727 667837.9443941709 4176988.7971152007 0
1592430189879 667838.1054365733 4176988.892504764 0
1592430190031 667838.1698861853 4176988.8679962046 0
1592430190183 667838.2116220286 4176988.851464989 0
1592430190334 667838.2607365994 4176988.8322529225 0
1592430190486 667838.3281735469 4176988.805013709 0
1592430190638 667838.3281735469 4176988.805013709 0
1592430190789 667838.4161820249 4176988.7704089684 0
1592430191091 667838.5239225088 4176988.877537994 0
1592430191243 667838.5987717564 4176988.8480471955 0
1592430191395 667838.6589150123 4176988.82381961 0
1592430191547 667838.694823687 4176988.8102434636 0
1592430191698 667838.7600566531 4176988.7850523586 0
1592430191852 667839.0422749763 4176988.9014802026 0
1592430192004 667839.0737532786 4176988.88924516 0
1592430192156 667839.0737532786 4176988.88924516 0
1592430192307 667839.1597958582 4176988.8559718705 0
1592430192459 667839.2000373098 4176988.839945975 0
1592430192611 667839.2363692835 4176988.825373914 0
1592430192764 667839.4343763789 4176989.4071604623 0
1592430192915 667839.4909630318 4176989.3846422858 0
1592430193067 667839.5565736546 4176989.3584493627 0
1592430193219 667839.5565736546 4176989.3584493627 0
1592430193370 667839.6397940821 4176989.3257770156 0
1592430193521 667839.6953977017 4176989.304141182 0
1592430193673 667839.7896714618 4176989.4047030504 0
1592430193825 667839.85487521 4176989.378938566 0
1592430193976 667839.9076825503 4176989.3580996324 0
1592430194128 667839.9494729813 4176989.3418449415 0
1592430194280 667839.9494729813 4176989.3418449415 0
1592430194431 667840.0479460297 4176989.304058591 0
1592430194780 667840.1101592336 4176989.385465344 0
1592430194932 667840.1365877838 4176989.375296508 0
1592430195084 667840.1823055446 4176989.356807299 0
1592430195235 667840.2320355583 4176989.3371964362 0
1592430195387 667840.286927434 4176989.3154250677 0
1592430195539 667840.3448899692 4176989.2929353607 0
1592430195691 667840.4229139675 4176989.3263284825 0
1592430195843 667840.5239179628 4176989.287125869 0
1592430195994 667840.564930693 4176989.2710648007 0
1592430196146 667840.5993215252 4176989.25734826 0
1592430196298 667840.627380311 4176989.246564536 0
1592430196449 667840.6869190696 4176989.223996789 0
1592430196601 667840.8172290454 4176988.9774043206 0
1592430196753 667840.873982611 4176988.9551556604 0
1592430196905 667840.9173791364 4176988.9380447483 0
1592430197057 667840.9479956578 4176988.926066012 0
1592430197209 667841.0196506281 4176988.8976499047 0
1592430197361 667841.0424934907 4176988.888521691 0
1592430197512 667841.1287910746 4176988.9498865623 0
1592430197664 667841.2162725474 4176988.914288415 0
1592430197816 667841.2957394313 4176988.8832895705 0
1592430197968 667841.3284070228 4176988.870699221 0
1592430198121 667841.3788659653 4176988.850534043 0
1592430198424 667841.4647869258 4176988.817129538 0
1592430198576 667841.4500777663 4176988.9924345 0
1592430198727 667841.4818225477 4176988.9799198103 0
1592430198879 667841.5027855943 4176988.9717533714 0
1592430199032 667841.589810467 4176988.937441861 0
1592430199184 667841.589810467 4176988.937441861 0
1592430199335 667841.6663482381 4176988.907285857 0
1592430199486 667841.7624099719 4176988.5198389883 0
1592430199638 667841.7999774268 4176988.5055464697 0
1592430199790 667841.835620611 4176988.491117549 0
1592430199942 667841.9164686549 4176988.459858552 0
1592430200093 667841.9323442102 4176988.453650063 0
1592430200245 667841.981150164 4176988.4348021178 0
1592430200397 667842.135787556 4176988.485500547 0
1592430200549 667842.1713615182 4176988.4715907 0
1592430200700 667842.2424918074 4176988.4435577868 0
1592430200852 667842.2802402293 4176988.428431495 0
1592430201234 667842.4207082876 4176988.3723077574 0
1592430201385 667842.4853769892 4176988.549495355 0
1592430201537 667842.5759856331 4176988.513387105 0
1592430201689 667842.6261004867 4176988.4929716783 0
1592430201841 667842.6605849795 4176988.4797159964 0
1592430201992 667842.7114983179 4176988.4600111097 0
1592430202144 667842.7604266963 4176988.440901634 0
1592430202296 667842.7911868595 4176988.5583840534 0
1592430202448 667842.8141295958 4176988.5493912753 0
1592430202599 667842.8766391728 4176988.525011358 0
1592430202751 667842.9053791832 4176988.514131402 0
1592430202903 667842.9920005037 4176988.481041115 0
1592430203055 667843.0357917757 4176988.4644416627 0
1592430203206 667843.0614645709 4176988.1473128656 0
1592430203358 667843.0614645709 4176988.1473128656 0
1592430203509 667843.1369938999 4176988.118438099 0
1592430203661 667843.189024706 4176988.0981660066 0
1592430203812 667843.2561887123 4176988.0723315305 0
1592430203964 667843.2561887123 4176988.0723315305 0
1592430204115 667843.2702058633 4176988.1061633457 0
1592430204267 667843.2631542999 4176988.085191556 0
1592430204418 667843.2890142415 4176988.0746385846 0
1592430204570 667843.3360413987 4176988.0542310122 0
