1592429787806 667844.9402759549 4176983.608234528 0
1592429787967 667844.6610282506 4176983.6224388774 0
1592429788120 667844.5323103092 4176983.615291475 0
1592429788273 667844.3482160772 4176983.5837260364 0
1592429788728 667843.5699872824 4176983.6055063964 0
1592429789033 667843.505138267 4176983.6345421458 0
1592429789186 667843.4493236205 4176983.6595261083 0
1592429789338 667843.4194835128 4176983.672031766 0
1592429789497 667843.3643616621 4176983.6957222116 0
1592429789665 667843.2758878674 4176983.6080185156 0
1592429789857 667843.2139514924 4176983.632839722 0
1592429790009 667843.1458071087 4176983.660250391 0
1592429790164 667843.1215887659 4176983.670047958 0
1592429790317 667843.0623639033 4176983.693816358 0
1592429790470 667843.4231538968 4176984.038348765 0
1592429790624 667843.4231538968 4176984.038348765 0
1592429790777 667843.3807900813 4176984.0576022374 0
1592429790930 667843.3261122735 4176984.0796839907 0
1592429791082 667843.3261122735 4176984.0796839907 0
1592429791235 667843.2460415128 4176984.112243342 0
1592429791386 667843.1912034468 4176984.1342748567 0
1592429791540 667843.4469483001 4176984.5107028177 0
1592429791698 667843.4085644897 4176984.526017062 0
1592429791852 667843.3872672706 4176984.5346545693 0
1592429792005 667843.3288768012 4176984.558066387 0
1592429792158 667843.2715493245 4176984.580936398 0
1592429792310 667843.2433718632 4176984.5921397703 0
1592429792465 667843.078701771 4176984.025589472 0
1592429792616 667843.0501726072 4176984.0368388863 0
1592429792768 667842.9851929727 4176984.062502868 0
1592429793070 667842.9851929727 4176984.062502868 0
1592429793223 667842.8454187962 4176984.119851015 0
1592429793375 667842.8035372401 4176983.999306379 0
1592429793755 667842.7505909798 4176984.0205431674 0
1592429793906 667842.6869665427 4176984.0467818817 0
1592429794058 667842.6536512895 4176984.0605116105 0
1592429794218 667842.5943999075 4176984.0845720572 0
1592429794371 667842.563060907 4176984.0973395454 0
1592429794527 667842.1748122543 4176983.9789317143 0
1592429794683 667842.1098264754 4176984.005535304 0
1592429794836 667842.0626613069 4176984.0249870038 0
1592429794990 667842.003662185 4176984.0489191175 0
1592429795141 667842.003662185 4176984.0489191175 0
1592429795296 667841.9069701243 4176984.0888998597 0
1592429795449 667841.283164207 4176984.011972317 0
1592429795619 667841.2315884256 4176984.0330793737 0
1592429795773 667841.2315884256 4176984.0330793737 0
1592429795929 667841.1265224833 4176984.076145823 0
1592429796082 667841.0768559332 4176984.0967417276 0
1592429796285 667841.0516683992 4176984.107487951 0
1592429796444 667840.7417338958 4176983.9900926664 0
1592429796597 667840.7097194422 4176984.0034005744 0
1592429796765 667840.6490269214 4176984.028986113 0
1592429796917 667840.6490269214 4176984.028986113 0
1592429797070 667840.560271529 4176984.065381025 0
1592429797222 667840.5003941187 4176984.090150754 0
1592429797374 667840.6860462256 4176984.0042669172 0
1592429797529 667840.6593725793 4176984.015098937 0
1592429797685 667840.5943010298 4176984.041731137 0
1592429797840 667840.5661436039 4176984.0536867753 0
1592429797992 667840.5042195583 4176984.0791203757 0
1592429798147 667840.4462117187 4176984.102709517 0
1592429798301 667840.6441495677 4176983.9541302114 0
1592429798456 667840.5883302755 4176983.976960431 0
1592429798608 667840.5585606629 4176983.9895342668 0
1592429798920 667840.468799196 4176984.026082607 0
1592429799074 667840.4089399029 4176984.050436693 0
1592429799227 667840.3720391248 4176984.065367954 0
1592429799383 667840.388042735 4176984.437059578 0
1592429799536 667840.325673586 4176984.4627594906 0
1592429799687 667840.2934670816 4176984.476008984 0
1592429799840 667840.2277048903 4176984.503732799 0
1592429799993 667840.1952634451 4176984.51756276 0
1592429800148 667840.1330109973 4176984.5433749864 0
1592429800299 667839.6205389927 4176984.4223929686 0
1592429800450 667839.5931544667 4176984.4340350977 0
1592429800605 667839.5246729547 4176984.462869595 0
1592429800762 667839.4695132411 4176984.486259621 0
1592429800914 667839.4325371877 4176984.5015187543 0
1592429801065 667839.3747397831 4176984.525852269 0
1592429801217 667838.8923788613 4176984.4622125044 0
1592429801369 667838.8643765307 4176984.4735548785 0
1592429801521 667838.8067486479 4176984.4976226976 0
1592429801672 667838.775159731 4176984.510635118 0
1592429801824 667838.7137245311 4176984.536379128 0
1592429802054 667838.685755123 4176984.54800201 0
1592429802207 667838.7693618233 4176984.417679721 0
1592429802358 667838.7107450607 4176984.442154284 0
1592429802510 667838.6804010224 4176984.454907997 0
1592429802665 667838.6487976253 4176984.4680649927 0
1592429802817 667838.5711037552 4176984.501121423 0
1592429802968 667838.5345892272 4176984.5164988274 0
1592429803120 667838.5006972617 4176984.530448765 0
1592429803272 667838.7506436935 4176984.4007614115 0
1592429803424 667838.7160961361 4176984.4155198922 0
1592429803576 667838.6589725253 4176984.438894587 0
1592429803727 667838.6222500531 4176984.4542905 0
1592429803879 667838.5711814878 4176984.475197358 0
1592429804032 667838.5421640767 4176984.4872644544 0
1592429804184 667839.0041744701 4176983.940933551 0
1592429804335 667838.9560467988 4176983.961299018 0
1592429804488 667838.8919371708 4176983.9878258845 0
1592429804640 667838.8568569054 4176984.0022610617 0
1592429804792 667838.8035124023 4176984.024750995 0
1592429804943 667838.7663100945 4176984.0399949434 0
1592429805096 667838.3778200361 4176984.3887240863 0
1592429805250 667838.3154817991 4176984.415526708 0
1592429805402 667838.2832805016 4176984.429010982 0
1592429805553 667838.2215851175 4176984.4551584474 0
1592429805705 667838.1865873539 4176984.4700334864 0
1592429805857 667838.1329954744 4176984.4930223157 0
1592429806009 667837.4383048222 4176984.802025132 0
1592429806198 667837.4107615073 4176984.8142004292 0
1592429806350 667837.3754215161 4176984.828677484 0
1592429806502 667837.2832817221 4176984.8670937945 0
1592429806653 667837.2465790457 4176984.882699922 0
1592429806804 667837.2465790457 4176984.882699922 0
1592429806955 667837.1611970955 4176984.9186847974 0
1592429807107 667836.6519246796 4176985.709111984 0
1592429807259 667836.618492033 4176985.723044813 0
1592429807410 667836.565301302 4176985.7448849017 0
1592429807561 667836.5253458804 4176985.7618934675 0
1592429807714 667836.4667583184 4176985.786399484 0
1592429807866 667836.4392970802 4176985.7980925827 0
1592429808018 667836.3820376106 4176985.6819830877 0
1592429808169 667836.3185643347 4176985.709153342 0
1592429808321 667836.3185643347 4176985.709153342 0
1592429808472 667836.2317720156 4176985.745794831 0
1592429808624 667836.1737864239 4176985.7699894207 0
1592429808776 667836.1294223388 4176985.788789061 0
1592429808927 667835.8442515878 4176985.2219907907 0
1592429809078 667835.8044249669 4176985.238483335 0
1592429809230 667835.7431289265 4176985.264699765 0
1592429809382 667835.7156282671 4176985.276647055 0
1592429809534 667835.6420350181 4176985.306991047 0
1592429809686 667835.6173242681 4176985.3175191884 0
1592429809838 667835.556473931 4176985.3429155033 0
1592429809990 667835.0570827271 4176985.2302638902 0
1592429810143 667834.9945471833 4176985.2565280627 0
1592429810295 667834.9434183119 4176985.27834641 0
1592429810446 667834.8946942994 4176985.299051621 0
1592429810598 667834.8598621854 4176985.3137564897 0
1592429810750 667834.8065172677 4176985.335896461 0
1592429810902 667834.9772457387 4176985.246495787 0
1592429811053 667834.9486474807 4176985.258996268 0
1592429811205 667834.8793991371 4176985.288026285 0
1592429811357 667834.8488806782 4176985.3008792237 0
1592429811582 667834.8079923968 4176985.318102522 0
1592429811734 667834.7557241466 4176985.340482924 0
1592429811886 667834.708561279 4176985.360740275 0
1592429812038 667834.6104738845 4176985.192246841 0
1592429812190 667834.5814288278 4176985.204757009 0
1592429812341 667834.5075981364 4176985.2362877387 0
1592429812493 667834.4620808215 4176985.2552629877 0
1592429812645 667834.4312368585 4176985.268076168 0
1592429812797 667834.3865770134 4176985.287069358 0
1592429812948 667834.1817584673 4176985.644867182 0
1592429813100 667834.1239183069 4176985.668512516 0
1592429813251 667834.0942070243 4176985.6809727363 0
1592429813403 667834.0331321287 4176985.7071053204 0
1592429813554 667834.0030740986 4176985.719374596 0
1592429813705 667833.9378944981 4176985.746808786 0
1592429813857 667833.4856660505 4176985.6625508177 0
1592429814009 667833.4181428811 4176985.691004551 0
1592429814162 667833.3612515848 4176985.7146806098 0
1592429814314 667833.3281453953 4176985.7288971907 0
1592429814466 667833.2767044068 4176985.751218295 0
1592429814618 667833.2306499255 4176985.7708954583 0
1592429814768 667833.2987240992 4176985.6421990953 0
1592429814920 667833.3062104535 4176985.668503783 0
1592429815072 667833.2245107892 4176985.703022513 0
1592429815222 667833.1937790719 4176985.7159131793 0
1592429815374 667833.1435851704 4176985.736968187 0
1592429815525 667833.0844623839 4176985.7621174995 0
1592429815677 667833.0844623839 4176985.7621174995 0
1592429815830 667832.959521928 4176985.650052116 0
1592429815982 667832.9093157006 4176985.671385693 0
1592429816134 667832.8615110619 4176985.691692778 0
1592429816285 667832.8152336129 4176985.711166012 0
1592429816435 667832.7976798966 4176985.718698376 0
1592429816586 667832.7444508557 4176985.7410344533 0
1592429816738 667832.9555436401 4176986.084796895 0
1592429816890 667832.9070269145 4176986.104948431 0
1592429817282 667832.7857202282 4176986.1566786515 0
1592429817434 667832.7400157008 4176986.175587732 0
1592429817586 667832.7400157008 4176986.175587732 0
1592429817737 667832.4320980674 4176986.102760999 0
1592429817889 667832.4035561462 4176986.1147452663 0
1592429818041 667832.3313436582 4176986.1447789925 0
1592429818193 667832.297890074 4176986.1589556294 0
1592429818344 667832.2419521416 4176986.1827360713 0
1592429818496 667832.2170995533 4176986.193674984 0
1592429818647 667832.1889309102 4176986.2056597904 0
1592429818799 667832.5254439606 4176986.0730627365 0
1592429818951 667832.4670631783 4176986.0977486772 0
1592429819103 667832.4395245258 4176986.109791189 0
1592429819254 667832.377975217 4176986.1360206404 0
1592429819405 667832.3515627316 4176986.147152619 0
1592429819558 667832.2856122964 4176986.1748807733 0
1592429819709 667831.6318374353 4176985.5957376068 0
1592429819861 667831.5905462672 4176985.613582398 0
1592429820012 667831.5587247106 4176985.6268312135 0
1592429820164 667831.5072764653 4176985.648430903 0
1592429820316 667831.4636054068 4176985.6668792726 0
1592429820468 667831.403672401 4176985.6924379454 0
1592429820619 667831.3450357103 4176985.5798403774 0
1592429820770 667831.2894064583 4176985.6031910363 0
1592429820921 667831.2634240565 4176985.614104219 0
1592429821073 667831.1920591415 4176985.644188711 0
1592429821225 667831.1660532488 4176985.655113096 0
1592429821376 667831.107998659 4176985.679283383 0
1592429821527 667830.9283091972 4176986.0377095384 0
1592429821679 667830.9617488147 4176986.018552387 0
1592429821831 667830.9321358033 4176986.0309809498 0
1592429821983 667830.8748301064 4176986.055059752 0
1592429822318 667830.7904796896 4176986.0908088116 0
1592429822470 667830.7280263358 4176986.1174056074 0
1592429822621 667830.6896372702 4176986.0217712736 0
1592429822773 667830.6334246187 4176986.045223811 0
1592429822925 667830.6042962938 4176986.0577034964 0
1592429823077 667830.5363216321 4176986.0862073805 0
1592429823229 667830.5138444288 4176986.095338485 0
1592429823380 667830.4570393428 4176986.119277793 0
1592429823533 667830.4090332687 4176986.0115462476 0
1592429823685 667830.3723777516 4176986.027117438 0
1592429823836 667830.3723777516 4176986.027117438 0
1592429823986 667830.2900684254 4176986.061705438 0
1592429824137 667830.228076942 4176986.0883130706 0
1592429824289 667830.1945426431 4176986.102731886 0
1592429824440 667829.9097282824 4176986.454566274 0
1592429824592 667829.8424298418 4176986.483162658 0
1592429824744 667829.8169474324 4176986.493779781 0
1592429824896 667829.7564013967 4176986.5198037927 0
1592429825047 667829.7258693541 4176986.5326439603 0
1592429825199 667829.6681467732 4176986.5567993647 0
1592429825350 667829.6319217772 4176986.572183388 0
1592429825501 667829.56378529 4176986.900201125 0
1592429825652 667829.536903329 4176986.911611004 0
1592429825803 667829.4855053339 4176986.9327081516 0
1592429825955 667829.4522361221 4176986.9472288424 0
1592429826107 667829.3846986092 4176986.976347316 0
1592429826258 667829.328504737 4176986.9998710435 0
1592429826409 667829.3366539918 4176986.4141852236 0
1592429826562 667829.2471341562 4176986.4518356468 0
1592429826714 667829.2147431216 4176986.4654351827 0
1592429826866 667829.1810512675 4176986.4795574388 0
1592429827145 667829.1143997695 4176986.507521034 0
1592429827297 667829.0906568979 4176986.517612272 0
1592429827452 667829.0486649799 4176986.428367906 0
1592429827603 667828.9939749886 4176986.4513736824 0
1592429827755 667828.9640114838 4176986.4638813464 0
1592429827907 667828.9005393877 4176986.490338982 0
1592429828059 667828.8730248561 4176986.5021344144 0
1592429828211 667828.8402137391 4176986.5162845585 0
1592429828363 667828.5644976654 4176986.46156592 0
1592429828515 667828.5169633024 4176986.4814579203 0
1592429828667 667828.4539010526 4176986.508348567 0
1592429828819 667828.4173200447 4176986.5237373076 0
1592429828970 667828.3637142719 4176986.5464529195 0
1592429829123 667828.3367606791 4176986.557587874 0
1592429829275 667828.2771581151 4176986.582491377 0
1592429829426 667828.7226982181 4176986.888010497 0
1592429829578 667828.6915484563 4176986.9013832654 0
1592429829730 667828.6362060419 4176986.9246726274 0
1592429829882 667828.6020797577 4176986.938886969 0
1592429830034 667828.5372463135 4176986.966281127 0
1592429830185 667828.5115086382 4176986.977005873 0
1592429830337 667828.0893834479 4176986.87089662 0
1592429830489 667828.0224522863 4176986.898905221 0
1592429830641 667828.0020485725 4176986.907518012 0
1592429830794 667827.933826058 4176986.936302061 0
1592429830945 667827.9020486961 4176986.949861393 0
1592429831097 667827.8480800883 4176986.9727939693 0
1592429831249 667827.6362357675 4176986.9066161206 0
1592429831401 667827.6034893214 4176986.920634289 0
1592429831703 667827.548045546 4176986.9439474503 0
1592429831855 667827.5212032028 4176986.955129282 0
1592429832007 667827.4419745926 4176986.989387237 0
1592429832158 667827.4205045301 4176986.998381367 0
1592429832310 667827.3148862938 4176986.8595296917 0
1592429832461 667827.2580536115 4176986.88380651 0
1592429832613 667827.2282424761 4176986.8964401213 0
1592429832765 667827.1660012217 4176986.922608816 0
1592429832917 667827.1660012217 4176986.922608816 0
1592429833068 667827.0718880898 4176986.9624163904 0
1592429833219 667827.0126234108 4176986.893119389 0
1592429833371 667826.9624168078 4176986.9142225934 0
1592429833523 667826.9078878397 4176986.9374263403 0
1592429833674 667826.8871593978 4176986.946006938 0
1592429833826 667826.8345421976 4176986.968673714 0
1592429833978 667826.7747019194 4176986.994725295 0
1592429834130 667826.7396998816 4176987.009361964 0
1592429834281 667827.1084001334 4176987.2840654952 0
1592429834433 667827.0722893373 4176987.299343052 0
1592429834585 667827.0192105242 4176987.321870257 0
1592429834737 667826.9866211694 4176987.3355877763 0
1592429834889 667826.9298793228 4176987.3599424427 0
1592429835040 667826.9011215916 4176987.3723766473 0
1592429835192 667827.2665561117 4176987.778848711 0
1592429835344 667827.2098036715 4176987.802600823 0
1592429835496 667827.1469712388 4176987.829075348 0
1592429835647 667827.1063432421 4176987.846055961 0
1592429835799 667827.0560371501 4176987.8673705016 0
1592429835951 667827.0288592164 4176987.878791758 0
1592429836209 667826.7360727348 4176988.2183580315 0
1592429836360 667826.6696973912 4176988.246298586 0
1592429836512 667826.6207151045 4176988.266921589 0
1592429836664 667826.5870710827 4176988.2810429763 0
1592429836816 667826.5286653867 4176988.3052378017 0
1592429836967 667826.495048814 4176988.319829009 0
1592429837119 667826.0652124742 4176988.2016407396 0
1592429837271 667826.0303811673 4176988.216728538 0
1592429837422 667825.9742692119 4176988.2404617607 0
1592429837574 667825.9505312236 4176988.25055546 0
1592429837726 667825.8933644106 4176988.2749038674 0
1592429837878 667825.8367065671 4176988.2992099714 0
1592429838030 667825.4465038574 4176988.180022673 0
1592429838181 667825.4465038574 4176988.180022673 0
1592429838333 667825.357911439 4176988.21777713 0
1592429838485 667825.335615115 4176988.2271451694 0
1592429838649 667825.2727678728 4176988.2541400716 0
1592429838801 667825.2359066639 4176988.2695414727 0
1592429838953 667825.2497866913 4176987.745028828 0
1592429839105 667825.1985567801 4176987.766213631 0
1592429839256 667825.1749229978 4176987.7761626467 0
1592429839408 667825.1031089543 4176987.807021276 0
1592429839559 667825.0735486988 4176987.8194820196 0
1592429839711 667825.029658542 4176987.838423965 0
1592429839865 667824.5984576105 4176987.7139723506 0
1592429840017 667824.5913549275 4176987.7292331574 0
1592429840169 667824.5503102109 4176987.7465609293 0
1592429840321 667824.52660756 4176987.7565411725 0
1592429840473 667824.483312167 4176987.774966591 0
1592429840625 667824.483312167 4176987.774966591 0
1592429840881 667824.3678499901 4176987.823525625 0
1592429841033 667823.9184727321 4176988.1130783195 0
1592429841185 667823.8824744613 4176988.1281238873 0
1592429841336 667823.8373145375 4176988.1471020514 0
1592429841488 667823.8020417327 4176988.1619547512 0
1592429841640 667823.743100349 4176988.186807681 0
1592429841792 667823.7170451268 4176988.1978553245 0
1592429841943 667823.4270365891 4176987.6946351477 0
1592429842095 667823.3950638556 4176987.708193754 0
1592429842247 667823.3379921985 4176987.7323839054 0
1592429842399 667823.3145321991 4176987.742056012 0
1592429842551 667823.2744470652 4176987.759131783 0
1592429842702 667823.2142042423 4176987.784788319 0
1592429842854 667823.3670459288 4176987.6728156586 0
1592429843006 667823.3426449114 4176987.704308746 0
1592429843158 667823.2295493466 4176987.7524991394 0
1592429843309 667823.2024603513 4176987.764042608 0
1592429843461 667823.138178416 4176987.791370732 0
1592429843613 667823.0961177953 4176987.8094384507 0
1592429843765 667823.0761233445 4176987.8179303217 0
1592429843916 667822.8773406104 4176987.6758769606 0
1592429844068 667822.8220400531 4176987.6989092776 0
1592429844220 667822.7910947282 4176987.712180857 0
1592429844372 667822.7361758158 4176987.7353851115 0
1592429844523 667822.6977821526 4176987.75147046 0
1592429844675 667822.649283104 4176987.7718211156 0
1592429844827 667822.2694091959 4176988.1780466475 0
1592429844978 667822.1953866178 4176988.2085458385 0
1592429845235 667822.1509809612 4176988.2277567973 0
1592429845387 667822.1170311563 4176988.242118534 0
1592429845539 667822.1170311563 4176988.242118534 0
1592429845690 667822.0168982551 4176988.284876821 0
1592429845841 667821.9909515785 4176987.66884843 0
1592429845993 667821.9489789278 4176987.6864952175 0
1592429846145 667821.8893073339 4176987.711256304 0
1592429846297 667821.8516085985 4176987.7270561736 0
1592429846448 667821.798016129 4176987.7502383557 0
1592429846600 667821.7691299189 4176987.7622727747 0
1592429846752 667821.7125771868 4176987.7863570387 0
1592429846904 667821.6702960391 4176988.118328864 0
1592429847055 667821.6132482922 4176988.14245358 0
1592429847207 667821.5843633967 4176988.154593726 0
1592429847359 667821.5425587865 4176988.172362283 0
1592429847511 667821.478348137 4176988.1993205436 0
1592429847662 667821.4334312693 4176988.21818965 0
1592429847815 667821.5074241257 4176988.1240725527 0
1592429847968 667821.5074241257 4176988.1240725527 0
1592429848119 667821.4275361585 4176988.157808207 0
1592429848270 667821.3658793737 4176988.1831298824 0
1592429848422 667821.3115633577 4176988.205508737 0
1592429848574 667821.2810602562 4176988.218542195 0
1592429848726 667821.2439152595 4176988.159740387 0
1592429848878 667821.209633297 4176988.174263477 0
1592429849029 667821.1806681236 4176988.1864550007 0
1592429849182 667821.117002667 4176988.2131927162 0
1592429849334 667821.0605126086 4176988.2373438887 0
1592429849486 667821.0295322237 4176988.250452739 0
1592429849652 667821.0024082621 4176988.261887458 0
1592429849804 667821.4991001583 4176988.1202642233 0
1592429849956 667821.4481756056 4176988.142119209 0
1592429850108 667821.4481756056 4176988.142119209 0
1592429850258 667821.358935982 4176988.1796878185 0
1592429850410 667821.31507437 4176988.1988876997 0
1592429850562 667821.2860573498 4176988.210910176 0
1592429850715 667822.3943166864 4176988.1415916295 0
1592429850866 667822.3485115028 4176988.1609095186 0
1592429851018 667822.3189774146 4176988.1735040387 0
1592429851170 667822.2556066759 4176988.1998154493 0
1592429851322 667822.2212500116 4176988.2142731547 0
1592429851475 667822.1649034827 4176988.2384423763 0
1592429851626 667822.0249912064 4176987.663083242 0
1592429851778 667821.9685879863 4176987.687402971 0
1592429851930 667821.9347954871 4176987.7017778144 0
1592429852083 667821.8752227112 4176987.726693598 0
1592429852234 667821.8530476993 4176987.736300112 0
1592429852386 667821.7956937728 4176987.760614305 0
1592429852538 667821.9155504633 4176987.623323657 0
1592429852690 667821.875221171 4176987.653114702 0
1592429852841 667821.8017548615 4176987.6831331393 0
1592429852993 667821.7528661859 4176987.70407962 0
1592429853145 667821.6914417566 4176987.7296163663 0
1592429853297 667821.6914417566 4176987.7296163663 0
1592429853448 667821.7044691566 4176987.644296558 0
1592429853600 667821.70370894 4176987.657117606 0
1592429853752 667821.653714795 4176987.6781313694 0
1592429853904 667821.653714795 4176987.6781313694 0
1592429854055 667821.5738117859 4176987.7119868943 0
1592429854207 667821.5738117859 4176987.7119868943 0
1592429854358 667821.4777865952 4176987.751815961 0
1592429854510 667821.5773487673 4176987.684399167 0
1592429854663 667821.5084353602 4176987.7136016097 0
1592429854815 667821.4791094428 4176987.726028168 0
1592429854966 667821.4791094428 4176987.726028168 0
1592429855117 667821.3929977877 4176987.762455033 0
1592429855270 667821.3929977877 4176987.762455033 0
1592429855421 667820.469581337 4176988.545611496 0
1592429855573 667820.4325806695 4176988.561190706 0
1592429855724 667820.3487371263 4176988.5973030096 0
1592429855876 667820.3126590081 4176988.612437436 0
1592429856027 667820.2721473646 4176988.6298646624 0
1592429856179 667820.2199128156 4176988.6522527197 0
1592429856332 667819.3443450162 4176988.9732171614 0
1592429856483 667819.3150991076 4176988.985715095 0
1592429856634 667819.2598070761 4176989.0097301616 0
1592429856786 667819.2343927257 4176989.02081459 0
1592429856938 667819.1638368452 4176989.0508792493 0
1592429857088 667819.1361523747 4176989.063080808 0
1592429857239 667819.0024555618 4176989.870620635 0
1592429857390 667819.0300870785 4176989.8638344286 0
1592429857541 667819.0030315098 4176989.8756358493 0
1592429857692 667818.9557710272 4176989.895395308 0
1592429857844 667818.9217875218 4176989.9095309917 0
1592429857996 667818.8540543986 4176989.9383912194 0
1592429858148 667818.8174794894 4176989.9537281985 0
1592429858299 667818.5595159432 4176989.419006858 0
1592429858453 667818.5134104993 4176989.438475491 0
1592429858605 667818.4718903032 4176989.455735193 0
1592429858908 667818.373376471 4176989.496392493 0
1592429859059 667818.3367073666 4176989.511988444 0
1592429859211 667818.2000961507 4176989.8675809153 0
1592429859363 667818.2211740103 4176989.810708749 0
1592429859514 667818.157377226 4176989.837452045 0
1592429859666 667818.099650832 4176989.861756479 0
1592429859818 667818.0537084689 4176989.8813956827 0
1592429859970 667818.0107895636 4176989.899737618 0
1592429860122 667817.9818046223 4176989.9116969006 0
1592429860273 667818.1159990595 4176989.8458857588 0
1592429860425 667818.0848977517 4176989.8594097886 0
1592429860577 667818.0237421488 4176989.8851403887 0
1592429860730 667818.0237421488 4176989.8851403887 0
1592429860881 667817.9351883561 4176989.922801219 0
1592429861033 667817.8786200966 4176989.9468204505 0
1592429861184 667817.7090613215 4176989.867062203 0
1592429861336 667817.683055443 4176989.8779287613 0
1592429861487 667817.633252623 4176989.898707994 0
1592429861639 667817.5687468562 4176989.9258233365 0
1592429861791 667817.5240771337 4176989.9445229764 0
1592429861943 667817.4920241486 4176989.9578554 0
1592429862094 667817.0285176857 4176988.899676099 0
1592429862348 667816.9906647014 4176988.9158326928 0
1592429862500 667816.9348119443 4176988.9396989294 0
1592429862652 667816.9041499518 4176988.9526383546 0
1592429862804 667816.8417111912 4176988.9799203337 0
1592429862956 667816.8153901421 4176988.9914445006 0
1592429863109 667816.7794853406 4176989.0066179764 0
1592429863260 667816.0980073015 4176988.446028025 0
1592429863412 667816.0699956578 4176988.457815268 0
1592429863564 667815.9984999876 4176988.4884445895 0
1592429863716 667815.9504459964 4176988.5088960733 0
1592429863867 667815.9504459964 4176988.5088960733 0
1592429864018 667815.86011499 4176988.547309013 0
1592429864170 667815.5996772866 4176988.4295506505 0
1592429864322 667815.5461522825 4176988.4524155944 0
1592429864474 667815.5448020699 4176988.452976092 0
1592429864625 667815.5432773393 4176988.4536012984 0
1592429864777 667815.5432773393 4176988.4536012984 0
1592429864929 667815.5432773393 4176988.4536012984 0
1592429865085 667815.1912490897 4176988.4348826385 0
1592429865236 667815.1912490897 4176988.4348826385 0
1592429865388 667815.1912490897 4176988.4348826385 0
1592429865540 667815.1837907345 4176988.437850613 0
1592429865693 667815.1708891428 4176988.4429955985 0
1592429865844 667815.1607474467 4176988.4470493584 0
1592429865996 667814.7516447599 4176988.469315717 0
1592429866148 667814.7678930153 4176988.4224349656 0
1592429866300 667814.7346651627 4176988.435770701 0
1592429866452 667814.7198161724 4176988.4417774924 0
1592429866602 667814.7002139941 4176988.449727963 0
1592429866772 667814.7002139941 4176988.449727963 0
1592429866924 667814.6749169856 4176988.4604231063 0
1592429867076 667814.9445318171 4176989.365387015 0
1592429867227 667814.9260216146 4176989.3733334295 0
1592429867378 667814.9260216146 4176989.3733334295 0
1592429867533 667814.8986991214 4176989.3847429305 0
1592429867685 667814.8909777394 4176989.387417342 0
1592429867836 667814.8727829996 4176989.392329709 0
1592429867987 667815.3404846704 4176989.7661952255 0
1592429868138 667815.3211712359 4176989.7675671712 0
1592429868291 667815.3120923039 4176989.767314693 0
1592429868441 667815.2930985517 4176989.765126525 0
1592429868592 667815.2930985517 4176989.765126525 0
1592429868743 667815.2574844878 4176989.7576956577 0
1592429868894 667814.7523566948 4176989.7943615625 0
1592429869045 667814.7333754195 4176989.7882347116 0
1592429869197 667814.6581055904 4176989.761845669 0
1592429869351 667814.6059918276 4176989.742419456 0
1592429869502 667814.5773164156 4176989.7310485137 0
1592429869654 667814.5193120174 4176989.7089237147 0
1592429869804 667814.327621089 4176989.3272698377 0
1592429869956 667814.374666701 4176989.324272824 0
1592429870108 667814.3456230517 4176989.3127446626 0
1592429870259 667814.2835696609 4176989.287862229 0
1592429870410 667814.2527507391 4176989.2756046313 0
1592429870560 667814.1920447159 4176989.251333325 0
1592429870712 667814.1666473878 4176989.241090646 0
1592429871165 667813.963400203 4176988.82980258 0
1592429871317 667813.8987428009 4176988.7912268187 0
1592429871469 667813.8692291635 4176988.771615494 0
1592429871620 667813.8130349951 4176988.7305237837 0
1592429871771 667813.7819627989 4176988.7062153094 0
1592429871923 667813.593340552 4176988.903021128 0
1592429872074 667813.5432937453 4176988.853729619 0
1592429872225 667813.5055152698 4176988.8062485377 0
1592429872376 667813.4842274527 4176988.7752169697 0
1592429872527 667813.4652272044 4176988.7437002785 0
1592429872679 667813.4290785639 4176988.6793022295 0
1592429872831 667813.4130620094 4176988.4060850446 0
1592429872982 667813.3823553883 4176988.3468728145 0
1592429873135 667813.3706191179 4176988.3234953536 0
1592429873287 667813.3410611587 4176988.2512075324 0
1592429873439 667813.325174268 4176988.2036581454 0
1592429873589 667813.3161060034 4176988.169643123 0
1592429873741 667813.2578103401 4176987.955332506 0
1592429873893 667813.252132693 4176987.9115766496 0
1592429874044 667813.2475954839 4176987.8328471663 0
1592429874194 667813.2528307025 4176987.8031367753 0
1592429874346 667813.2723478278 4176987.7333750804 0
1592429874498 667813.2825943689 4176987.706325834 0
1592429874650 667813.2649877482 4176987.9491916923 0
1592429874801 667813.2992424711 4176987.8938724045 0
1592429874952 667813.3378133106 4176987.845530852 0
1592429875107 667813.3628844377 4176987.820623309 0
1592429875258 667813.4127753817 4176987.778743657 0
1592429875409 667813.4381301983 4176987.7609924995 0
1592429875559 667813.464608724 4176987.7450646115 0
1592429875711 667813.4707469537 4176987.5205373554 0
1592429875862 667813.4967651139 4176987.507719793 0
1592429876013 667813.5650772828 4176987.4763305318 0
1592429876164 667813.6257993233 4176987.448948513 0
1592429876315 667813.6257993233 4176987.448948513 0
1592429876466 667813.7088264556 4176987.413033174 0
1592429876617 667813.5902488241 4176987.4919152707 0
1592429876768 667813.6554300004 4176987.4612270156 0
1592429876918 667813.676798931 4176987.4510771236 0
1592429877069 667813.7469069983 4176987.417735776 0
1592429877220 667813.7649972099 4176987.4090760862 0
1592429877371 667813.8211226084 4176987.381974333 0
1592429877521 667813.7985317699 4176987.51354132 0
1592429877672 667813.8233180239 4176987.501593533 0
1592429877823 667813.8512650265 4176987.487626802 0
1592429877975 667813.9124012637 4176987.4572585355 0
1592429878126 667813.9736373342 4176987.4271522826 0
1592429878277 667814.0038197433 4176987.4117752556 0
1592429878579 667813.9170822372 4176987.5254076184 0
1592429878729 667813.9376759508 4176987.515141167 0
1592429878881 667814.014468958 4176987.4769633748 0
1592429879032 667814.0299056484 4176987.4692025958 0
1592429879184 667814.0865992816 4176987.4406687566 0
1592429879334 667814.1406829181 4176987.413533954 0
1592429879486 667814.2777890987 4176987.504323067 0
1592429879638 667814.3326893346 4176987.476628245 0
1592429879790 667814.3683966635 4176987.4590786765 0
1592429880049 667814.4274059186 4176987.4293284984 0
1592429880200 667814.4830143724 4176987.4012095607 0
1592429880352 667814.5572095235 4176987.524943714 0
1592429880504 667814.5907566844 4176987.5076063476 0
1592429880656 667814.6485713727 4176987.4784443686 0
1592429880808 667814.6820740397 4176987.461387161 0
1592429881114 667814.7693071548 4176987.4179615276 0
1592429881266 667814.8309687597 4176987.3868530113 0
1592429881418 667814.81224506 4176987.5451648547 0
1592429881720 667814.8888693869 4176987.5066727195 0
1592429881872 667814.9213187438 4176987.4905235833 0
1592429882024 667814.9694424111 4176987.466520467 0
1592429882175 667815.0225219318 4176987.439722941 0
1592429882325 667815.3934728135 4176987.5512142098 0
1592429882476 667815.4558954017 4176987.519729088 0
1592429882627 667815.5048152491 4176987.4951615534 0
1592429882778 667815.5470864759 4176987.474044189 0
1592429882928 667815.5786963187 4176987.4580223686 0
1592429883079 667815.6341489934 4176987.430466406 0
1592429883230 667815.3976586143 4176987.5827504145 0
1592429883382 667815.4276325774 4176987.5677718474 0
1592429883533 667815.481626915 4176987.540232166 0
1592429883685 667815.5136011278 4176987.52387249 0
1592429883837 667815.5747115675 4176987.4931610064 0
1592429883988 667815.6176211217 4176987.4715459696 0
1592429884290 667815.4093488003 4176987.0554183098 0
1592429884442 667815.4093488003 4176987.0554183098 0
1592429884593 667815.5047027724 4176987.00684033 0
1592429884743 667815.5605711399 4176986.978383339 0
1592429884894 667815.5800441529 4176986.9684862243 0
1592429885046 667815.6356445221 4176986.940798008 0
1592429885197 667816.8744809648 4176987.5605125544 0
1592429885500 667816.9352638274 4176987.528677414 0
1592429885652 667816.9967120255 4176987.497358177 0
1592429885802 667817.0206913429 4176987.4850424374 0
1592429885955 667817.0788542865 4176987.454946426 0
1592429886106 667816.9978884315 4176987.171383882 0
1592429886257 667817.0267806757 4176987.1566087087 0
1592429886409 667817.0803951861 4176987.1291856878 0
1592429886560 667817.128890767 4176987.104346173 0
1592429886711 667817.1733405825 4176987.0814796626 0
1592429886863 667817.1733405825 4176987.0814796626 0
1592429887016 667817.9998371095 4176987.1414235043 0
1592429887168 667818.0338753978 4176987.124182742 0
1592429887320 667818.0977198295 4176987.0911290883 0
1592429887471 667818.1385534611 4176987.070159681 0
1592429887622 667818.1644398208 4176987.056938518 0
1592429887778 667818.2219815631 4176987.02741688 0
1592429887928 667818.2754790325 4176987.000708432 0
1592429888080 667818.31451558 4176987.1380084427 0
1592429888234 667818.3516518264 4176987.118729136 0
1592429888386 667818.4120270326 4176987.087777843 0
1592429888537 667818.4481091903 4176987.0692929346 0
1592429888688 667818.4957649243 4176987.0447942605 0
1592429888843 667818.5436559025 4176987.0196455037 0
1592429888994 667818.7593358922 4176986.739674689 0
1592429889146 667818.8173179885 4176986.7096750597 0
1592429889296 667818.8516463846 4176986.6922331527 0
1592429889448 667818.8712262182 4176986.6821985426 0
1592429889600 667818.9441807678 4176986.6441246825 0
1592429889815 667818.97461671 4176986.628135834 0
1592429889966 667819.3352874721 4176986.2439936395 0
1592429890118 667819.3869273326 4176986.2176677915 0
1592429890269 667819.4380400222 4176986.191427834 0
1592429890420 667819.4380400222 4176986.191427834 0
1592429890571 667819.5139917922 4176986.150977848 0
1592429890722 667819.5472863651 4176986.1338576586 0
1592429890873 667819.4899567842 4176985.350212225 0
1592429891023 667819.5532316169 4176985.3172267326 0
1592429891174 667819.5736274536 4176985.3066392704 0
1592429891326 667819.6331332313 4176985.275462797 0
1592429891478 667819.6633087927 4176985.259727103 0
1592429891629 667819.7179075602 4176985.2312084627 0
1592429891781 667819.773629284 4176985.202135734 0
1592429891933 667819.9665605036 4176985.378281699 0
1592429892084 667820.0048097426 4176985.358557301 0
1592429892236 667820.056875406 4176985.331360268 0
1592429892386 667820.056875406 4176985.331360268 0
1592429892537 667820.1466430147 4176985.285405327 0
1592429892688 667820.3531389049 4176985.3560467046 0
1592429892840 667820.3771668143 4176985.3868457717 0
1592429892991 667820.4328644308 4176985.358414225 0
1592429893143 667820.4895117745 4176985.329349004 0
1592429893295 667820.5177148915 4176985.3151088515 0
1592429893446 667820.5735777598 4176985.286140654 0
1592429893597 667820.6013532343 4176985.271483157 0
1592429893748 667820.7483523494 4176984.928092813 0
1592429893900 667820.7734943476 4176984.917814629 0
1592429894051 667820.8395160091 4176984.892974476 0
1592429894286 667820.8395160091 4176984.892974476 0
1592429894437 667820.9047279557 4176984.8698172313 0
1592429894590 667820.9978025199 4176984.8374846564 0
1592429894741 667821.1781727965 4176984.935236475 0
1592429894893 667821.1781727965 4176984.935236475 0
1592429895044 667821.252548854 4176984.9088042686 0
1592429895195 667821.3267772597 4176984.881881904 0
1592429895347 667821.3725664688 4176984.8649802296 0
1592429895499 667821.4015545599 4176984.8541001133 0
1592429895649 667821.5701079698 4176984.916371877 0
1592429895803 667821.6058315763 4176984.903362913 0
1592429895954 667821.6354879378 4176984.892524126 0
1592429896107 667821.6990734307 4176984.868212961 0
1592429896260 667821.7351828668 4176984.854721245 0
1592429896413 667821.8062904777 4176984.8281661654 0
1592429896565 667821.7412747944 4176985.4425094216 0
1592429896716 667821.8056811539 4176985.417802377 0
1592429896868 667821.8056811539 4176985.417802377 0
1592429897018 667821.8802674778 4176985.3897775756 0
1592429897169 667821.916980181 4176985.375992236 0
1592429897320 667821.9762741524 4176985.3530986374 0
1592429897471 667822.0929752205 4176985.4379981253 0
1592429897621 667822.1504497044 4176985.416195306 0
1592429897772 667822.1861443938 4176985.402280397 0
1592429897924 667822.2144686298 4176985.391790552 0
1592429898075 667822.2765984205 4176985.368273841 0
1592429898226 667822.308937424 4176985.3564528967 0
1592429898376 667822.3797838112 4176985.329684798 0
1592429898534 667822.3765441783 4176985.450332263 0
1592429898839 667822.4694790419 4176985.4149455475 0
1592429898991 667822.5032456792 4176985.4019932314 0
1592429899142 667822.5652473649 4176985.3787580566 0
1592429899293 667822.6024401209 4176985.364703639 0
1592429899444 667822.5762913907 4176985.3768254607 0
1592429899595 667822.6478535711 4176985.3501111004 0
1592429899745 667822.6793511591 4176985.33841827 0
1592429899896 667822.7134399816 4176985.3256592224 0
1592429900048 667822.7876294955 4176985.2977999425 0
1592429900200 667822.8337056399 4176985.2803446027 0
1592429900350 667822.753291391 4176985.4153177333 0
1592429900502 667822.7893814523 4176985.4017753764 0
1592429900654 667822.8531316587 4176985.3779209545 0
1592429900806 667822.881694463 4176985.367104989 0
1592429900957 667822.9480691474 4176985.342391897 0
1592429901109 667822.9753348791 4176985.332047431 0
1592429901260 667823.010888561 4176985.3187051034 0
1592429901411 667822.920201678 4176985.8502807138 0
1592429901561 667822.9545028369 4176985.837309823 0
1592429901713 667822.9796687175 4176985.827535807 0
1592429901865 667823.0596770385 4176985.7972129607 0
1592429902016 667823.0829094951 4176985.788466462 0
1592429902166 667823.121699646 4176985.7740296116 0
1592429902318 667823.2154167655 4176985.888686507 0
1592429902469 667823.2731957613 4176985.8668616703 0
1592429902620 667823.3090585342 4176985.852965493 0
1592429902771 667823.3432172342 4176985.8401169144 0
1592429902925 667823.4192338573 4176985.8113921154 0
1592429903076 667823.4421478901 4176985.802715115 0
1592429903382 667823.5647283989 4176985.87605589 0
1592429903534 667823.5942342655 4176985.8646355295 0
1592429903686 667823.6525538492 4176985.8426459907 0
1592429903842 667823.7108799487 4176985.8208840736 0
1592429903998 667823.7457308718 4176985.8073978717 0
1592429904149 667823.8041901684 4176985.785112642 0
1592429904301 667824.0850171833 4176985.476750006 0
1592429904459 667824.1224398318 4176985.4623026387 0
1592429904611 667824.1706764362 4176985.443664582 0
1592429904761 667824.2392779313 4176985.417528672 0
1592429904913 667824.2392779313 4176985.417528672 0
1592429905066 667824.2969194733 4176985.3945429283 0
1592429905217 667824.4378410786 4176985.5142787946 0
1592429905368 667824.4574659886 4176985.500627796 0
1592429905522 667824.5181455065 4176985.4569901903 0
1592429905673 667824.5479984364 4176985.4346372015 0
1592429905824 667824.5789312369 4176985.4117906587 0
1592429905975 667824.6299232765 4176985.3755956 0
1592429906126 667824.6624678213 4176985.3521961826 0
1592429906278 667824.7615687434 4176985.453295264 0
1592429906435 667824.7914967884 4176985.432788567 0
1592429906591 667824.8435075078 4176985.3964812355 0
1592429906743 667824.878554182 4176985.372818915 0
1592429906894 667824.93157035 4176985.3364077727 0
1592429907047 667824.93157035 4176985.3364077727 0
1592429907198 667825.1559971741 4176985.45164091 0
1592429907349 667825.2135080498 4176985.415421617 0
1592429907501 667825.2514637329 4176985.3940320266 0
1592429907652 667825.3265584018 4176985.355922613 0
1592429907876 667825.3265584018 4176985.355922613 0
1592429908028 667825.4128245709 4176985.311769404 0
1592429908179 667825.4435946982 4176985.0097368434 0
1592429908331 667825.4684120176 4176984.9972180743 0
1592429908483 667825.5235156683 4176984.968547865 0
1592429908635 667825.5579069179 4176984.950939824 0
1592429908786 667825.5968593516 4176984.9300305834 0
1592429908938 667825.6227999518 4176984.9160095546 0
1592429909090 667825.7453541902 4176985.0287551517 0
1592429909240 667825.8109047066 4176984.983597022 0
1592429909392 667825.8297248413 4176984.968351579 0
1592429909544 667825.8511901808 4176984.9498432283 0
1592429909695 667825.9125371036 4176984.8946979214 0
1592429909847 667825.9560968726 4176984.8529236377 0
1592429910000 667826.0217201785 4176985.0551048475 0
1592429910156 667826.0608693352 4176985.003673336 0
1592429910308 667826.0802234868 4176984.976111856 0
1592429910460 667826.1167576145 4176984.9201394315 0
1592429910611 667826.1322979793 4176984.8943750914 0
1592429910768 667826.1649586194 4176984.835258432 0
1592429910920 667826.1787011991 4176984.8032672326 0
1592429911072 667826.3014376641 4176984.620028867 0
1592429911223 667826.318113189 4176984.5549689583 0
1592429911375 667826.3247409394 4176984.520356155 0
1592429911527 667826.3370442098 4176984.449629545 0
1592429911679 667826.342529141 4176984.413054984 0
1592429911830 667826.3485407269 4176984.377173557 0
1592429911982 667826.4598310951 4176984.6058594594 0
1592429912134 667826.4762584339 4176984.516971426 0
1592429912286 667826.4861638115 4176984.4626407716 0
1592429912611 667826.5022598081 4176984.3809741572 0
1592429912762 667826.5151868503 4176984.314114961 0
1592429912914 667826.6715956094 4176984.144475206 0
1592429913066 667826.6782173574 4176984.110900085 0
1592429913218 667826.6917476421 4176984.045990908 0
1592429913369 667826.6999265072 4176984.005609372 0
1592429913521 667826.7128317998 4176983.941519895 0
1592429913673 667826.7177651917 4176983.898055752 0
1592429913825 667826.9001889771 4176983.738509257 0
1592429913976 667826.9064650697 4176983.6718859794 0
1592429914128 667826.9085287421 4176983.6410994194 0
1592429914280 667826.914641649 4176983.5722004836 0
1592429914432 667826.914641649 4176983.5722004836 0
1592429914583 667826.9219827183 4176983.4805184114 0
1592429914734 667826.9983517118 4176983.6720387083 0
1592429914886 667827.0251993553 4176983.7153680897 0
1592429915038 667827.0325822165 4176983.635538006 0
1592429915190 667827.0394472056 4176983.566792412 0
1592429915341 667827.0423276755 4176983.5248616007 0
1592429915493 667827.0426722768 4176983.4900088483 0
1592429915645 667827.0372817938 4176983.4237004668 0
1592429915799 667827.1878717794 4176983.277018764 0
1592429915949 667827.1651098605 4176983.2003518175 0
1592429916101 667827.1523848209 4176983.170606178 0
1592429916253 667827.1389658604 4176983.143645998 0
1592429916405 667827.0987880386 4176983.0796986134 0
1592429916557 667827.0814729069 4176983.054404292 0
1592429916708 667827.1874278586 4176983.2507880325 0
1592429916988 667827.1626775931 4176983.2160008037 0
1592429917140 667827.1099908618 4176983.1431313273 0
1592429917292 667827.0765081054 4176983.0952604585 0
1592429917444 667827.0765081054 4176983.0952604585 0
1592429917595 667827.1089745499 4176982.828426108 0
1592429917747 667827.0776555681 4176982.780979503 0
1592429917898 667827.0567317164 4176982.7489929213 0
1592429918050 667827.0337286729 4176982.7141950284 0
1592429918202 667826.99647257 4176982.655910445 0
1592429918354 667826.9788212194 4176982.629342151 0
1592429918506 667826.9441217572 4176982.577057032 0
1592429918657 667827.092486221 4176982.3488759357 0
1592429918809 667827.0580134569 4176982.29657279 0
1592429918961 667827.0373884086 4176982.265291894 0
1592429919113 667827.0019268357 4176982.212861931 0
1592429919264 667826.9770303603 4176982.17503966 0
1592429919416 667826.9572281418 4176982.14558709 0
1592429919718 667826.9877787286 4176982.35249955 0
1592429919870 667826.9428995219 4176982.2832018984 0
1592429920023 667826.9154580696 4176982.2404716997 0
1592429920175 667826.8990612195 4176982.2154551586 0
1592429920326 667826.8649103391 4176982.1638442483 0
1592429920490 667826.894713498 4176981.880765015 0
1592429920643 667826.8667193562 4176981.8387246476 0
1592429920794 667826.8299039957 4176981.7767646112 0
1592429920976 667826.8144152287 4176981.7470511515 0
1592429921128 667826.7869154151 4176981.678241796 0
1592429921280 667826.7745624464 4176981.643078809 0
1592429921432 667826.823640196 4176981.8806914906 0
1592429921597 667826.823640196 4176981.8806914906 0
1592429921754 667826.7974125433 4176981.7993694977 0
1592429921906 667826.778204924 4176981.7310600956 0
1592429922058 667826.778204924 4176981.7310600956 0
1592429922208 667826.7580623844 4176981.6253552074 0
1592429922360 667826.9139981532 4176981.4308230905 0
1592429922512 667826.9130924119 4176981.3830349273 0
1592429922664 667826.9171384521 4176981.3414218267 0
1592429922816 667826.9365641207 4176981.278205932 0
1592429922968 667826.9536395725 4176981.2373211063 0
1592429923119 667826.9643150072 4176981.216875909 0
1592429923271 667827.0053697912 4176981.1525579314 0
1592429923423 667827.0482758284 4176980.98359525 0
1592429923574 667827.0975136977 4176980.9349711128 0
1592429923726 667827.1305715302 4176980.9092240916 0
1592429923878 667827.1509987941 4176980.8946276936 0
1592429924031 667827.1933593667 4176980.8671727236 0
1592429924182 667827.2529685178 4176980.8295684974 0
1592429924336 667827.2332904602 4176981.0221380596 0
1592429924488 667827.2916105099 4176980.9868588927 0
1592429924640 667827.3267221024 4176980.9652633867 0
1592429924791 667827.3686926181 4176980.938686943 0
1592429924942 667827.4108474818 4176980.9114333685 0
1592429925094 667827.4400582811 4176980.8925451296 0
1592429925246 667827.4047144791 4176981.009812001 0
1592429925400 667827.4616587686 4176980.972994424 0
1592429925551 667827.4882552271 4176980.955582571 0
1592429925703 667827.5323251692 4176980.926656658 0
1592429925854 667827.5862399086 4176980.890499815 0
1592429926006 667827.6139738881 4176980.8718951773 0
1592429926233 667827.6139738881 4176980.8718951773 0
1592429926385 667827.6813365874 4176981.017477475 0
1592429926537 667827.733257356 4176980.9831087696 0
1592429926688 667827.7684462703 4176980.959639452 0
1592429926840 667827.791156515 4176980.9450250873 0
1592429927141 667827.933739075 4176981.037959815 0
1592429927293 667827.9984350005 4176980.9946022327 0
1592429927445 667827.9984350005 4176980.9946022327 0
1592429927596 667828.0736670562 4176980.944259307 0
1592429927748 667828.1081324692 4176980.921587192 0
1592429927901 667828.1622936783 4176980.885476047 0
1592429928053 667828.1903805372 4176980.867425383 0
1592429928204 667828.229579187 4176980.5289259134 0
1592429928355 667828.2606812834 4176980.50804315 0
1592429928507 667828.2928784182 4176980.4870354766 0
1592429928658 667828.3287408073 4176980.463212085 0
1592429928810 667828.3919058497 4176980.4215100384 0
1592429928961 667828.4175255855 4176980.404700045 0
1592429929113 667828.5435512925 4176980.5739862467 0
1592429929268 667828.5755484448 4176980.553307441 0
1592429929420 667828.6264912208 4176980.5194632523 0
1592429929571 667828.6745599002 4176980.487852673 0
1592429929722 667828.711764311 4176980.462802352 0
1592429929873 667828.7633942212 4176980.428688586 0
1592429930025 667828.8999405248 4176980.5802870453 0
1592429930176 667828.9267213466 4176980.562188515 0
1592429930328 667828.9625158013 4176980.538642235 0
1592429930480 667829.0361834611 4176980.4906465737 0
1592429930631 667829.0640105166 4176980.4725805433 0
1592429930909 667829.1148708985 4176980.43865529 0
1592429931060 667829.2599361953 4176980.5823483956 0
1592429931212 667829.3052665503 4176980.552609745 0
1592429931363 667829.3556240599 4176980.5195408454 0
1592429931515 667829.3800294343 4176980.5035158363 0
1592429931667 667829.4408737107 4176980.463993265 0
1592429931818 667829.4633488201 4176980.4490147326 0
1592429932120 667829.5909916809 4176980.547925563 0
1592429932272 667829.6679270373 4176980.4961407916 0
1592429932423 667829.6679270373 4176980.4961407916 0
1592429932575 667829.7487021432 4176980.4421381294 0
1592429932726 667829.7750917752 4176980.424881251 0
1592429932878 667829.9253528974 4176980.1479415637 0
1592429933030 667829.9504316656 4176980.1312913373 0
1592429933182 667830.012593742 4176980.0896942276 0
1592429933333 667830.0376506743 4176980.072668547 0
1592429933485 667830.096566391 4176980.0343883256 0
1592429933637 667830.1269362374 4176980.0144545147 0
1592429933788 667830.2873705762 4176980.107841889 0
1592429933938 667830.323774297 4176980.1603543554 0
1592429934089 667830.3548555792 4176980.139667649 0
1592429934240 667830.4112383418 4176980.1019079876 0
1592429934391 667830.4112383418 4176980.1019079876 0
1592429934541 667830.4752550707 4176980.0596983437 0
1592429934692 667830.5204713914 4176980.029789823 0
1592429934842 667830.5890602182 4176980.1387284817 0
1592429934994 667830.6249704516 4176980.11500057 0
1592429935145 667830.646551953 4176980.1007467117 0
1592429935297 667830.7024172717 4176980.0638484797 0
1592429935572 667830.7544448932 4176980.029813066 0
1592429935723 667830.7863539996 4176980.009159457 0
1592429935874 667830.8888070722 4176980.1722650477 0
1592429936024 667830.9518618558 4176980.130904615 0
1592429936176 667830.9866102 4176980.1111324397 0
1592429936328 667831.0101477163 4176980.0983993555 0
1592429936479 667831.0884227405 4176980.0668344074 0
1592429936629 667831.136275727 4176980.054717719 0
1592429936781 667831.1295626658 4176980.182495452 0
1592429936933 667831.1557930188 4176980.180115536 0
1592429937084 667831.1557930188 4176980.180115536 0
1592429937234 667831.2756461176 4176980.1852472597 0
1592429937385 667831.3150816639 4176980.1896876623 0
1592429937536 667831.373056698 4176980.201386887 0
1592429937687 667831.1759149024 4176980.622771399 0
1592429937838 667831.179090571 4176980.669343713 0
1592429937988 667831.179090571 4176980.669343713 0
1592429938139 667831.2614329504 4176980.7068213387 0
1592429938290 667831.3065327969 4176980.7275147517 0
1592429938442 667831.3354304913 4176980.7401303574 0
1592429938593 667831.3632025538 4176980.7523456244 0
1592429938744 667831.3541502692 4176980.642394979 0
1592429938895 667831.388006893 4176980.657088396 0
1592429939047 667831.4604540888 4176980.6843695776 0
1592429939197 667831.4876741036 4176980.6932279025 0
1592429939348 667831.5241558399 4176980.7037024912 0
1592429939500 667831.5615682272 4176980.71326302 0
1592429939652 667831.4332637818 4176981.0995330326 0
1592429939803 667831.4719600917 4176981.109287716 0
1592429939953 667831.5091794844 4176981.1190069458 0
1592429940104 667831.5091794844 4176981.1190069458 0
1592429940389 667831.6273773505 4176981.151425542 0
1592429940540 667831.6793073226 4176981.165743195 0
1592429940691 667831.6459381139 4176981.0842724605 0
1592429940843 667831.6744507604 4176981.092616785 0
1592429940994 667831.7166923538 4176981.104666132 0
1592429941146 667831.7886721856 4176981.1250517657 0
1592429941296 667831.8248391589 4176981.13538064 0
1592429941448 667831.883718742 4176981.1522663105 0
1592429941600 667831.944314444 4176981.1699188156 0
1592429941752 667831.885257214 4176981.5027798675 0
1592429941902 667831.9280229413 4176981.5149208615 0
1592429942053 667831.9895641467 4176981.5327455993 0
1592429942205 667831.9895641467 4176981.5327455993 0
1592429942355 667832.0799269467 4176981.5583026526 0
1592429942506 667832.1356543421 4176981.5741670774 0
1592429942658 667832.0388670234 4176982.0043780925 0
1592429942809 667832.0809205581 4176982.0166002 0
1592429942960 667832.1215367307 4176982.027236682 0
1592429943110 667832.1890321128 4176982.038419419 0
1592429943262 667832.2195816684 4176982.0418852186 0
1592429943413 667832.2691293164 4176982.0444115624 0
1592429943564 667832.1922708848 4176981.9996213713 0
1592429943716 667832.2164031033 4176982.000073627 0
1592429943867 667832.2908105373 4176982.000629635 0
1592429944019 667832.3351421301 4176982.0001336494 0
1592429944171 667832.3706489314 4176981.9997992483 0
1592429944322 667832.3730837007 4176981.9997529457 0
1592429944473 667832.3730837007 4176981.9997529457 0
1592429944624 667832.0209978011 4176982.465848663 0
1592429944776 667832.0209978011 4176982.465848663 0
1592429944926 667832.0255378984 4176982.4657293283 0
1592429945187 667832.0267533466 4176982.465695522 0
1592429945340 667832.0267533466 4176982.465695522 0
1592429945490 667832.0267533466 4176982.465695522 0
1592429945642 667832.6475462359 4176981.9938038243 0
1592429945793 667832.6475462359 4176981.9938038243 0
1592429945944 667832.6524051769 4176981.9936467903 0
1592429946095 667832.6524051769 4176981.9936467903 0
1592429946245 667832.6524051769 4176981.9936467903 0
1592429946397 667832.657834281 4176981.9934673044 0
1592429946548 667832.6921934668 4176981.9941921546 0
1592429946700 667832.744738569 4176981.9984829095 0
1592429946852 667832.8007436268 4176982.004000805 0
1592429947002 667832.8317033912 4176982.0070930133 0
1592429947153 667832.8937438886 4176982.0136459484 0
1592429947304 667832.9368136284 4176982.0178830163 0
1592429947456 667832.9680335879 4176982.0209620483 0
1592429947606 667833.0188616781 4176982.0262543135 0
1592429947758 667833.0557922259 4176982.0315819443 0
1592429947909 667833.1355202517 4176982.0468226983 0
1592429948060 667833.1633649913 4176982.054077882 0
1592429948211 667833.23377303 4176982.078350047 0
1592429948362 667833.2567043758 4176982.0875371164 0
1592429948513 667833.3179799813 4176982.111968572 0
1592429948664 667833.3619517891 4176982.1289069415 0
1592429948816 667833.4197553323 4176982.1513800817 0
1592429948967 667833.4660231131 4176982.168739451 0
1592429949119 667833.4902139442 4176982.1778737786 0
1592429949271 667833.5548363618 4176982.201543108 0
1592429949422 667833.5897333045 4176982.214700982 0
1592429949573 667833.6498806557 4176982.236832765 0
1592429949723 667833.6789207997 4176982.247705085 0
1592429950003 667833.7423773945 4176982.27082805 0
1592429950155 667833.7947083208 4176982.290148807 0
1592429950306 667833.7947083208 4176982.290148807 0
1592429950456 667833.857695313 4176982.312962277 0
1592429950608 667833.9227193084 4176982.336427903 0
1592429950760 667833.951972215 4176982.3471079622 0
1592429950911 667834.0157810012 4176982.3705847785 0
1592429951061 667834.0621182336 4176982.3874257538 0
1592429951213 667834.0972312607 4176982.400151078 0
1592429951365 667834.1606798618 4176982.423043246 0
1592429951517 667834.1973362408 4176982.436121974 0
1592429951668 667834.2297032655 4176982.4477565284 0
1592429951820 667834.2875841695 4176982.4679581253 0
1592429951971 667834.3428585542 4176982.4878373505 0
1592429952123 667834.3893475912 4176982.5043736813 0
1592429952274 667834.4235839243 4176982.5168269197 0
1592429952425 667834.4792342512 4176982.537163195 0
1592429952577 667834.5249887216 4176982.554004106 0
1592429952882 667834.6004324169 4176982.5814202963 0
1592429953033 667834.6389081953 4176982.5952267586 0
1592429953184 667834.7207678526 4176982.624144678 0
1592429953335 667834.7485547062 4176982.6340556685 0
1592429953486 667834.8176599615 4176982.658960498 0
1592429953638 667834.8533942393 4176982.671195884 0
1592429953789 667834.8844165783 4176982.6820830824 0
1592429953941 667834.9544669945 4176982.706960066 0
1592429954092 667834.9936075077 4176982.721423338 0
1592429954243 667835.0298387595 4176982.734209663 0
1592429954394 667835.0948642227 4176982.7572700926 0
1592429954546 667835.1352535924 4176982.7719459007 0
1592429954696 667835.166655689 4176982.783077798 0
1592429955009 667835.2696734442 4176982.8201087774 0
1592429955162 667835.3045546408 4176982.832367766 0
1592429955314 667835.3672015846 4176982.8547363672 0
1592429955465 667835.3893344388 4176982.862622127 0
1592429955617 667835.4688620656 4176982.8906635526 0
1592429955769 667835.4987769246 4176982.9012519983 0
1592429955921 667835.5615682007 4176982.923484984 0
1592429956072 667835.5991892358 4176982.9366888544 0
1592429956225 667831.1133209992 4176986.0502841775 0
1592429956377 667831.1790423882 4176986.0733418856 0
1592429956529 667831.2225278016 4176986.0888815615 0
1592429956679 667831.2555569161 4176986.100946442 0
1592429956831 667831.2920699514 4176986.113675235 0
1592429956983 667831.3561150496 4176986.1360463486 0
1592429957135 667833.9370971808 4176985.2192886877 0
1592429957287 667833.9956610369 4176985.240067593 0
1592429957439 667834.0338382159 4176985.253830551 0
1592429957591 667834.0910097437 4176985.274379764 0
1592429957742 667834.13947963 4176985.2920857193 0
1592429957893 667834.1535986249 4176985.2971940422 0
1592429958043 667835.5311900212 4176984.3084590253 0
1592429958194 667835.5250782807 4176984.287556875 0
1592429958345 667835.5692120818 4176984.303456788 0
1592429958497 667835.6043307754 4176984.315767838 0
1592429958647 667835.6638344752 4176984.3364636865 0
1592429958799 667835.700282664 4176984.34952171 0
1592429958951 667835.7323625735 4176984.3610217664 0
1592429959102 667836.1129186354 4176984.7778098723 0
1592429959254 667836.1436901869 4176984.7887094314 0
1592429959405 667836.2133002739 4176984.812925648 0
1592429959574 667836.2133002739 4176984.812925648 0
1592429959728 667836.2717224022 4176984.833659138 0
1592429959882 667836.3354714653 4176984.8560163756 0
1592429960033 667836.8165908223 4176984.3778780657 0
1592429960184 667836.8521988244 4176984.3901731917 0
1592429960335 667836.9299096953 4176984.416985066 0
1592429960486 667836.9806908704 4176984.4351659333 0
1592429960636 667837.0153144212 4176984.447873701 0
1592429960787 667837.0637770274 4176984.464757716 0
1592429960939 667837.0586838977 4176984.3568801684 0
1592429961090 667837.1028558693 4176984.3721814966 0
1592429961240 667837.1468335532 4176984.3878632663 0
1592429961391 667837.181361216 4176984.3997692317 0
1592429961543 667837.2373983078 4176984.419447647 0
1592429961695 667837.2650144038 4176984.4295311808 0
1592429961847 667837.3383428961 4176984.4557191804 0
1592429961999 667837.4764348168 4176984.8067060546 0
1592429962150 667837.5271491017 4176984.8246027743 0
1592429962302 667837.5503786093 4176984.8328377944 0
1592429962453 667837.6108317894 4176984.853786678 0
1592429962604 667837.6420846452 4176984.8651058124 0
1592429962755 667837.7112636985 4176984.8890378107 0
1592429962907 667837.9937371961 4176984.8249409385 0
1592429963059 667838.0695056568 4176984.8512788387 0
1592429963210 667838.110434529 4176984.8650732515 0
1592429963360 667838.1672155177 4176984.8846395887 0
1592429963512 667838.2288009432 4176984.90604996 0
1592429963664 667838.2595199378 4176984.916837839 0
1592429963816 667838.3932279208 4176984.836666709 0
1592429963968 667838.4467873239 4176984.855095342 0
1592429964118 667838.4811353271 4176984.866974279 0
1592429964269 667838.520802705 4176984.8812366826 0
1592429964422 667838.5859646929 4176984.9037952456 0
1592429964693 667838.6152582845 4176984.9141250537 0
1592429964846 667838.6348818159 4176984.819606096 0
1592429964997 667838.6706233693 4176984.8320911466 0
1592429965149 667838.7293838358 4176984.852724463 0
1592429965300 667838.75864431 4176984.863215531 0
1592429965452 667838.8173688401 4176984.883736938 0
1592429965603 667838.8173688401 4176984.883736938 0
1592429965754 667838.8789365925 4176985.319823842 0
1592429965905 667838.9168068155 4176985.3328692554 0
1592429966056 667838.949833749 4176985.3444643132 0
1592429966208 667838.949833749 4176985.3444643132 0
1592429966359 667839.0322294334 4176985.3739049206 0
1592429966511 667839.1204798879 4176985.404562228 0
1592429966662 667839.2576575314 4176985.2901421245 0
1592429966813 667839.2678309061 4176985.293820467 0
1592429966965 667839.3396104933 4176985.3196559446 0
1592429967117 667839.3662214989 4176985.329261157 0
1592429967268 667839.4319394112 4176985.3521360485 0
1592429967420 667839.4902124087 4176985.3727217745 0
1592429967571 667839.5262991249 4176985.385145486 0
1592429967722 667839.6256973702 4176985.3198752077 0
1592429967873 667839.657730719 4176985.3309705243 0
1592429968025 667839.702226332 4176985.3467594665 0
1592429968176 667839.7383326406 4176985.3595465426 0
1592429968327 667839.817131147 4176985.3875284824 0
1592429968477 667839.8624938878 4176985.4031312377 0
1592429968628 667839.9904083369 4176985.3653658284 0
1592429968779 667840.0595203103 4176985.3894690047 0
1592429968930 667840.0930038278 4176985.401083833 0
1592429969080 667840.1349599056 4176985.4151107823 0
1592429969232 667840.2004022803 4176985.438124374 0
1592429969384 667840.2391217921 4176985.451529009 0
1592429969534 667840.3357450453 4176985.7939071096 0
1592429969870 667840.4356100671 4176985.8283904674 0
1592429970022 667840.4609547732 4176985.8372466397 0
1592429970172 667840.5237632238 4176985.8591381726 0
1592429970324 667840.5552624493 4176985.8702312377 0
1592429970475 667840.6198406448 4176985.8930951194 0
1592429970628 667840.5589807318 4176985.786600905 0
1592429970778 667840.5589807318 4176985.786600905 0
1592429970929 667840.5589807318 4176985.786600905 0
1592429971231 667840.5589807318 4176985.786600905 0
1592429971382 667840.5589807318 4176985.786600905 0
1592429971534 667840.7003744699 4176985.796462492 0
1592429971685 667840.7003744699 4176985.796462492 0
1592429971837 667840.7003744699 4176985.796462492 0
1592429971989 667840.7003744699 4176985.796462492 0
1592429972141 667840.7003744699 4176985.796462492 0
1592429972292 667840.7003744699 4176985.796462492 0
1592429972443 667840.8240473504 4176985.3279362917 0
1592429972595 667840.8634344221 4176985.360145003 0
1592429972746 667840.8634344221 4176985.360145003 0
1592429972896 667840.8667166133 4176985.361278862 0
1592429973050 667840.8667166133 4176985.361278862 0
1592429973202 667840.8700804543 4176985.3624602053 0
1592429973354 667840.8700804543 4176985.3624602053 0
1592429973505 667840.9386651011 4176985.3604330793 0
1592429973806 667840.9419446851 4176985.3616194148 0
1592429973957 667840.9448390291 4176985.362684669 0
1592429974108 667840.946358054 4176985.3632516 0
1592429974259 667840.946358054 4176985.3632516 0
1592429974410 667840.9775622652 4176985.402163562 0
1592429974563 667840.9775622652 4176985.402163562 0
1592429974715 667840.9775622652 4176985.402163562 0
1592429974986 667840.9821828699 4176985.403977554 0
1592429975137 667840.9821828699 4176985.403977554 0
1592429975289 667840.9821828699 4176985.403977554 0
