-0.0029670597283903604 -0.04886921905584124 -2.8231030497407206
-0.0029670597283903604 -0.04886921905584124 -2.8231030497407206
-0.0029670597283903604 -0.04886921905584124 -2.8231030497407206
-0.0054105206811824215 -0.04555309347705201 -2.8249191531353643
-0.0054105206811824215 -0.04555309347705201 -2.8249191531353643
-0.0054105206811824215 -0.04555309347705201 -2.8249191531353643
-0.010122909661567111 -0.04276056667386108 -2.828933410414956
-0.010122909661567111 -0.04276056667386108 -2.828933410414956
-0.007330382858376184 -0.043982297150257116 -2.8291079433401505
-0.007330382858376184 -0.043982297150257116 -2.8291079433401505
-0.00767944870877505 -0.046774823953448036 -2.82771167993855
-0.00767944870877505 -0.046774823953448036 -2.82771167993855
-0.00767944870877505 -0.046774823953448036 -2.82771167993855
-0.00767944870877505 -0.046774823953448036 -2.82771167993855
-0.00767944870877505 -0.046774823953448036 -2.82771167993855
-0.00767944870877505 -0.046774823953448036 -2.82771167993855
-0.0033161255787892262 -0.04642575810304917 -2.8257918177613606
-0.0033161255787892262 -0.04642575810304917 -2.8257918177613606
-0.0033161255787892262 -0.04642575810304917 -2.8257918177613606
-0.0033161255787892262 -0.04642575810304917 -2.8257918177613606
-0.0033161255787892262 -0.04642575810304917 -2.8257918177613606
-0.005585053606381855 -0.04485496177625428 -2.8270135482377405
-0.005585053606381855 -0.04485496177625428 -2.8270135482377405
-0.005585053606381855 -0.04485496177625428 -2.8270135482377405
-0.006283185307179586 -0.04590215932745088 -2.8275371470133472
-0.006283185307179586 -0.04590215932745088 -2.8275371470133472
-0.006283185307179586 -0.04590215932745088 -2.8275371470133472
-0.006283185307179586 -0.04590215932745088 -2.8275371470133472
-0.007853981633974483 -0.04433136300065599 -2.829282476265332
-0.007853981633974483 -0.04433136300065599 -2.829282476265332
-0.007853981633974483 -0.04433136300065599 -2.829282476265332
-0.007330382858376184 -0.04450589592585541 -2.83172593721813
-0.0066322511575784525 -0.04502949470145372 -2.832773134769319
-0.0066322511575784525 -0.04502949470145372 -2.832773134769319
-0.0066322511575784525 -0.04502949470145372 -2.832773134769319
-0.0066322511575784525 -0.04502949470145372 -2.832773134769319
-0.0066322511575784525 -0.04502949470145372 -2.832773134769319
-0.00471238898038469 -0.04660029102824861 -2.8299806079661307
-0.00471238898038469 -0.04660029102824861 -2.8299806079661307
-0.00471238898038469 -0.04660029102824861 -2.8299806079661307
-0.00471238898038469 -0.04660029102824861 -2.8299806079661307
-0.005061454830783556 -0.04345869837465881 -2.8306787396669293
-0.005061454830783556 -0.04345869837465881 -2.8306787396669293
-0.005061454830783556 -0.04345869837465881 -2.8306787396669293
-0.009250245035569947 -0.04520402762665315 -2.833122200619706
-0.009250245035569947 -0.04520402762665315 -2.8331222006197048
-0.009250245035569947 -0.04520402762665315 -2.8331222006197048
-0.009250245035569947 -0.04520402762665315 -2.8331222006197048
0.0013962634015954637 -0.04555309347705201 -2.8385327213009006
-5.235987755982988E-4 -0.043982297150257116 -2.839754451777295
-5.235987755982988E-4 -0.043982297150257116 -2.839754451777295
-5.235987755982988E-4 -0.043982297150257116 -2.839754451777295
-0.00942477796076938 -0.04031710572106903 -2.840103517627691
-0.00942477796076938 -0.04031710572106903 -2.840103517627691
-0.00942477796076938 -0.04031710572106903 -2.840103517627691
-0.012566370614359171 -0.038920842319473556 -2.842721511505682
-0.012566370614359171 -0.038920842319473556 -2.842721511505682
-0.012566370614359171 -0.038920842319473556 -2.842721511505682
-0.007504915783575617 -0.038920842319473556 -2.843245110281294
-0.007504915783575617 -0.038920842319473556 -2.843245110281294
-0.00471238898038469 -0.03979350694547072 -2.844815906608082
-0.00471238898038469 -0.03979350694547072 -2.844815906608082
-0.00471238898038469 -0.03979350694547072 -2.844815906608082
-0.006806784082777886 -0.041538836197465054 -2.846561235860079
-0.006806784082777886 -0.041538836197465054 -2.846561235860079
-0.006806784082777886 -0.041538836197465054 -2.846561235860079
-0.006457718232379019 -0.041887902047863926 -2.846910301710481
-0.006457718232379019 -0.041887902047863926 -2.846910301710481
-0.008028514559173916 -0.04118977034706618 -2.847084834635681
-0.00942477796076938 -0.040840704496667324 -2.8469103017104813
-0.00942477796076938 -0.040840704496667324 -2.8469103017104813
-0.01064650843716541 -0.04066617157146789 -2.8476084334112723
-0.01117010721276371 -0.040142572795869594 -2.8477829663364806
-0.01117010721276371 -0.040142572795869594 -2.8477829663364806
-0.011519173063162575 -0.04066617157146789 -2.846910301710481
-0.011519173063162575 -0.04066617157146789 -2.846910301710481
-0.009948376736367677 -0.04136430327226562 -2.845164972458485
-0.009948376736367677 -0.04136430327226562 -2.845164972458485
-0.009948376736367677 -0.04136430327226562 -2.845164972458485
-0.00942477796076938 -0.04206243497306335 -2.841848846879697
-0.00942477796076938 -0.04206243497306335 -2.841848846879697
-0.00942477796076938 -0.04206243497306335 -2.841848846879697
-0.003839724354387525 -0.04834562028024294 -2.8404525834781076
-0.003839724354387525 -0.04834562028024294 -2.8404525834781076
-0.0054105206811824215 -0.04852015320544237 -2.8399289847025107
-0.0054105206811824215 -0.04852015320544237 -2.83992898470251
-0.0054105206811824215 -0.04852015320544237 -2.83992898470251
-0.010821041362364843 -0.04520402762665315 -2.8418488468797145
-0.013962634015954637 -0.043982297150257116 -2.8418488468797154
-0.013962634015954637 -0.043982297150257116 -2.8418488468797154
-0.017453292519943295 -0.044680428851054846 -2.842372445655319
-0.017453292519943295 -0.044680428851054846 -2.8423724456553225
-0.017453292519943295 -0.044680428851054846 -2.8423724456553225
-0.015707963267948967 -0.04694935687864748 -2.8434196432065155
-0.015707963267948967 -0.04694935687864748 -2.8434196432065155
-0.014137166941154071 -0.046774823953448036 -2.842896044430921
-0.014137166941154071 -0.046774823953448036 -2.842896044430921
-0.014137166941154071 -0.046774823953448036 -2.842896044430921
-0.009075712110370514 -0.04660029102824861 -2.8423724456553225
-0.009075712110370514 -0.04660029102824861 -2.8423724456553225
-0.006806784082777886 -0.04852015320544237 -2.8428960444309244
-0.006283185307179586 -0.049218284906240105 -2.8418488468797327
-0.006283185307179586 -0.049218284906240105 -2.8418488468797327
-0.006283185307179586 -0.049218284906240105 -2.8418488468797327
-0.004886921905584123 -0.04834562028024294 -2.8371364578993483
-0.004886921905584123 -0.04834562028024294 -2.8371364578993483
-0.0054105206811824215 -0.04852015320544237 -2.8343439310961607
-0.0054105206811824215 -0.049043751981040676 -2.833471266470156
-0.0054105206811824215 -0.049043751981040676 -2.833471266470156
-0.005585053606381855 -0.05009094953223727 -2.8329476676945635
-0.005585053606381855 -0.05009094953223727 -2.8329476676945635
-0.005585053606381855 -0.05009094953223727 -2.8329476676945635
-0.004886921905584123 -0.049916416607037835 -2.8310278055173685
-0.004886921905584123 -0.049916416607037835 -2.8310278055173685
-0.0029670597283903604 -0.04555309347705201 -2.8294570091905813
-0.0029670597283903604 -0.04555309347705201 -2.8294570091905813
-0.0029670597283903604 -0.04555309347705201 -2.8294570091905813
5.235987755982988E-4 -0.04450589592585541 -2.8252682189858
5.235987755982988E-4 -0.04450589592585541 -2.8252682189858
5.235987755982988E-4 -0.04450589592585541 -2.8252682189858
-0.010995574287564275 -0.04031710572106903 -2.8254427519109946
-0.010995574287564275 -0.04031710572106903 -2.8254427519109946
-0.017453292519943295 -0.042935099599060514 -2.8317259372181716
-0.00942477796076938 -0.0513126800086333 -2.837834589600153
0.012217304763960306 -0.061435589670200415 -2.841499781029344
0.012217304763960306 -0.061435589670200415 -2.841499781029344
0.03769911184307752 -0.0651007810993885 -2.8421979127301435
0.05585053606381855 -0.06370451769779303 -2.8385327213009557
0.06213372137099813 -0.05969026041820608 -2.8315514042929837
0.058643062867009474 -0.05462880558742252 -2.8245700872850055
0.0486946861306418 -0.05201081170943103 -2.8205558300054108
0.0486946861306418 -0.05201081170943103 -2.8205558300054108
0.03577924966588375 -0.05288347633542819 -2.8179378361274185
0.02548180707911721 -0.05358160803622593 -2.8184614349030146
0.02548180707911721 -0.05358160803622593 -2.8184614349030146
0.0153588974175501 -0.0481710873550435 -2.8196831653794203
0.0153588974175501 -0.0481710873550435 -2.8196831653794203
0.013264502315156905 -0.044680428851054846 -2.8153198422494308
0.013264502315156905 -0.044680428851054846 -2.8153198422494308
0.013439035240356337 -0.04572762640225145 -2.812178249595834
0.012915436464758038 -0.04712388980384691 -2.806942261839861
0.012217304763960306 -0.04834562028024294 -2.806942261839862
0.012217304763960306 -0.04834562028024294 -2.7971684180286918
0.012217304763960306 -0.049916416607037835 -2.7802387242843354
0.014835298641951801 -0.05201081170943103 -2.7629599646896095
0.01815142422074103 -0.05358160803622593 -2.74376134291766
0.019896753472735354 -0.05550147021341969 -2.736954558834877
0.019896753472735354 -0.05550147021341969 -2.736954558834868
0.006457718232379019 -0.05410520681182423 -2.7380017563860717
0.006457718232379019 -0.05410520681182423 -2.7380017563860717
-0.0015707963267948964 -0.05218534463463046 -2.740794283189252
-0.007504915783575617 -0.05009094953223727 -2.740619750264046
-0.010122909661567111 -0.047298422729046344 -2.7383508222364563
-0.00942477796076938 -0.04537856055185258 -2.7385253551616504
-0.00942477796076938 -0.04537856055185258 -2.7385253551616504
-0.005759586531581287 -0.044680428851054846 -2.7402706844136495
-1.7453292519943296E-4 -0.044680428851054846 -2.7421905465908303
0.006457718232379019 -0.04485496177625428 -2.7442849416932233
0.013439035240356337 -0.04520402762665315 -2.7453321392444154
0.013439035240356337 -0.04520402762665315 -2.7453321392444066
0.02076941809873252 -0.046774823953448036 -2.7458557380200133
0.02775073510670984 -0.04834562028024294 -2.7479501331223943
0.033510321638291124 -0.047996554429844074 -2.7493463965239995
0.033510321638291124 -0.047996554429844074 -2.7493463965240017
0.03822271061867582 -0.04747295565424577 -2.749695462374414
0.04258603374866164 -0.047298422729046344 -2.749346396524003
0.045553093477052 -0.04852015320544237 -2.7481246660476026
0.04817108735504349 -0.04956735075663897 -2.7469029355712093
0.051487212933832724 -0.0502654824574367 -2.7458557380200137
0.054279739737023644 -0.05218534463463046 -2.743412277067227
0.054279739737023644 -0.05218534463463046 -2.743412277067227
0.056025068989017976 -0.05393067388662479 -2.7402706844136313
0.056548667764616284 -0.05410520681182423 -2.736954558834848
0.05585053606381855 -0.05323254218582706 -2.7345110978820455
0.05585053606381855 -0.05323254218582706 -2.7345110978820455
0.05445427266222309 -0.0513126800086333 -2.7329403015552485
0.051487212933832724 -0.049043751981040676 -2.7310204393780553
0.047647488579445195 -0.04712388980384691 -2.730496840602456
0.04276056667386108 -0.04625122517784974 -2.730671373527659
0.04276056667386108 -0.04625122517784974 -2.730671373527659
0.03700098014227979 -0.04607669225265031 -2.7310204393780557
0.030019663134302467 -0.04642575810304917 -2.7320676369292514
0.022863813201125717 -0.04642575810304917 -2.7341620320316586
0.022863813201125717 -0.04642575810304917 -2.734162032031662
0.00890117918517108 -0.04345869837465881 -2.739747085638031
0.00890117918517108 -0.04345869837465881 -2.73974708563803
0.0012217304763960308 -0.040142572795869594 -2.7416669478152396
-0.006108652381980153 -0.03385938748869001 -2.74271414536644
-0.014311699866353502 -0.025830872929516094 -2.7430632112168256
-0.02199114857512855 -0.017453292519943306 -2.7421905465908263
-0.02199114857512855 -0.017453292519943306 -2.7421905465908263
-0.027925268031909273 -0.009599310885968826 -2.7409688161144414
-0.031939525311496235 -0.003316125578789242 -2.7402706844136318
-0.031939525311496235 -0.003316125578789242 -2.7402706844136313
-0.033335788713091695 0.004537856055185252 -2.73974708563803
-0.03368485456349056 0.004363323129985816 -2.7397470856380277
-0.03368485456349056 0.004363323129985816 -2.7392234868624303
-0.03438298626428829 0.002094395102393176 -2.7399216185632307
-0.03595378259108319 -0.00226892802759264 -2.740794283189223
-0.03595378259108319 -0.00226892802759264 -2.7407942831892225
-0.03892084231947355 -0.007155849933176764 -2.743237744142027
-0.04258603374866164 -0.011868238913561452 -2.7456812050948196
-0.045727626402251434 -0.016231562043547282 -2.748124666047602
-0.04729842272904633 -0.020594885173533098 -2.7502190611499953
-0.04590215932745086 -0.02513274122871835 -2.752837055027986
-0.04590215932745086 -0.02513274122871835 -2.7528370550279857
-0.04206243497306335 -0.028274333882308142 -2.7554550489059912
-0.03630284844148206 -0.029845130209103038 -2.7585966415595737
-0.02775073510670984 -0.031066860685499076 -2.7601674378863605
-0.02775073510670984 -0.031066860685499076 -2.76016743788636
-0.017453292519943295 -0.033684854563490574 -2.761040102512373
-0.006283185307179586 -0.038222710618675826 -2.761214635437563
-0.006283185307179586 -0.038222710618675826 -2.761214635437563
0.020420352248333655 -0.049043751981040676 -2.76034197081157
0.020420352248333655 -0.049043751981040676 -2.76034197081157
0.033510321638291124 -0.054454272662223094 -2.760167437886361
0.04363323129985824 -0.06073745796940268 -2.761040102512375
0.05201081170943102 -0.06527531402458793 -2.762610898839166
0.05201081170943102 -0.06527531402458793 -2.7626108988391667
0.05899212871740834 -0.0656243798749868 -2.762959964689573
0.0645771823237902 -0.06335545184739418 -2.7645307610163634
0.06928957130417489 -0.06003932626860495 -2.7657524914927576
0.06928957130417489 -0.06003932626860495 -2.7657524914927576
0.0752236907609556 -0.055152404363020824 -2.762610898839169
0.0752236907609556 -0.055152404363020824 -2.7626108988391693
0.0762708883121522 -0.05427973973702366 -2.758945707409972
0.07714355293814937 -0.05393067388662479 -2.7563277135319764
0.07714355293814937 -0.05323254218582706 -2.755455048905992
0.07452555906015787 -0.0513126800086333 -2.754407851354788
0.07016223593017204 -0.0481710873550435 -2.7540587855043874
0.06405358354819189 -0.04415683007545655 -2.755455048905992
0.05742133239061344 -0.040142572795869594 -2.757549444008391
0.05742133239061344 -0.040142572795869594 -2.757549444008392
0.04939281783143953 -0.03577924966588378 -2.7578985098587863
0.040317105721069016 -0.03141592653589795 -2.758247575709189
0.0291469985083053 -0.027750735106709862 -2.7582475757091895
0.0291469985083053 -0.027750735106709862 -2.7582475757091895
0.01710422666954443 -0.024260076602721198 -2.7582475757091895
0.00471238898038469 -0.021293016874330842 -2.7570258452327954
-0.008028514559173916 -0.017627825445142742 -2.7551059830556026
-0.02076941809873252 -0.014835298641951808 -2.7528370550280017
-0.0317649923862968 -0.013439035240356348 -2.7528370550279924
-0.0317649923862968 -0.013439035240356348 -2.751615324551597
-0.039968039870670144 -0.013788101090755206 -2.750393594075206
-0.04642575810304917 -0.016231562043547282 -2.7498699952996177
-0.051487212933832724 -0.019198621771937638 -2.750393594075209
-0.05550147021341968 -0.022863813201125724 -2.7505681270003945
-0.05689773361501514 -0.026354471705114388 -2.750219061149996
-0.05689773361501514 -0.026354471705114388 -2.7502190611499953
-0.056025068989017976 -0.029845130209103038 -2.749346396524002
-0.054279739737023644 -0.03385938748869001 -2.748648264823203
-0.054279739737023644 -0.03385938748869001 -2.748648264823203
-0.04817108735504349 -0.034382986264288304 -2.749695462374414
-0.03682644721708035 -0.02740166925631099 -2.7507426599256046
-0.019024088846738195 -0.025307274153917786 -2.7531861208783943
0.006981317007977318 -0.022689280275926302 -2.753884252579188
0.03490658503988659 -0.024260076602721198 -2.7519643904019944
0.03490658503988659 -0.024260076602721198 -2.7519643904019944
0.06736970912698112 -0.030717794835100218 -2.749695462374414
0.09861110273767963 -0.03787364476827697 -2.750393594075208
0.11588986233242347 -0.04380776422505768 -2.753709719654012
0.1207767842380076 -0.0481710873550435 -2.7587711744847843
0.11693705988362008 -0.05009094953223727 -2.765403425642363
0.11693705988362008 -0.05009094953223727 -2.765403425642363
0.10943214410004445 -0.050614548307835565 -2.773955538977134
0.09826203688728075 -0.049218284906240105 -2.7812859218355204
0.08517206749732328 -0.04747295565424577 -2.7884417717686913
0.08517206749732328 -0.04747295565424577 -2.7884417717686913
0.0582939970166106 -0.043982297150257116 -2.7999609448318523
0.0582939970166106 -0.043982297150257116 -2.7999609448318523
0.04590215932745086 -0.046774823953448036 -2.8044988008870284
0.03630284844148206 -0.0481710873550435 -2.8095602557178143
0.03630284844148206 -0.0481710873550435 -2.8095602557178143
0.027401669256310976 -0.047298422729046344 -2.8116546508202043
0.027401669256310976 -0.047298422729046344 -2.8116546508202043
0.010471975511965976 -0.04572762640225145 -2.8071167947650184
0.003839724354387525 -0.04642575810304917 -2.805022399662626
0.003839724354387525 -0.04642575810304917 -2.805022399662626
0.003839724354387525 -0.04642575810304917 -2.805022399662626
-0.009250245035569947 -0.04415683007545655 -2.802578938709842
-0.016231562043547264 -0.042935099599060514 -2.796819352178252
-0.016231562043547264 -0.042935099599060514 -2.796819352178252
-0.026703537555513242 -0.04485496177625428 -2.801357208233439
-0.030543261909900768 -0.04660029102824861 -2.8058950642886193
-0.030543261909900768 -0.04660029102824861 -2.8058950642886193
-0.0301941960595019 -0.04537856055185258 -2.8156689080997817
-0.026354471705114377 -0.04537856055185258 -2.8210794287809726
-0.026354471705114377 -0.04537856055185258 -2.8210794287809726
-0.026354471705114377 -0.04537856055185258 -2.8210794287809726
-0.019198621771937627 -0.04520402762665315 -2.818461434902975
-0.019198621771937627 -0.04520402762665315 -2.818461434902975
-0.019198621771937627 -0.04520402762665315 -2.818461434902975
-0.018675022996339326 -0.046774823953448036 -2.8123527825209926
-0.018675022996339326 -0.046774823953448036 -2.81235278252099
-0.011344640137963142 -0.04764748857944521 -2.8022298728594297
-0.011344640137963142 -0.04764748857944521 -2.8022298728594297
-0.02530727415391778 -0.03979350694547072 -2.774828203603116
-0.0460766922526503 -0.031764992386296806 -2.742365079516021
-0.06789330790257943 -0.026703537555513246 -2.7380017563860517
-0.08517206749732328 -0.024609142453120056 -2.7329403015552605
-0.09459684545809266 -0.025656340004316658 -2.7320676369292527
-0.09983283321407564 -0.029670597283903616 -2.72944964305127
-0.102799892942466 -0.031764992386296806 -2.7252608528464766
-0.10210176124166827 -0.03455751918948774 -2.727006182098473
-0.10210176124166827 -0.03455751918948774 -2.727006182098473
-0.09843656981248018 -0.03717551306747924 -2.7299732418268703
-0.09337511498169662 -0.03874630939427412 -2.732765768630058
-0.08691739674931762 -0.038920842319473556 -2.732765768630058
-0.08691739674931762 -0.038920842319473556 -2.7343365649568456
-0.07993607974134029 -0.0385717764690747 -2.733463900330854
-0.07330382858376185 -0.0385717764690747 -2.732067636929252
-0.06806784082777885 -0.03874630939427412 -2.7313695052284652
-0.0582939970166106 -0.03665191429188093 -2.7325912357048585
-0.0582939970166106 -0.03665191429188093 -2.7325912357048585
-0.05323254218582705 -0.0359537825910832 -2.7336384332560555
-0.046774823953448036 -0.03665191429188093 -2.734685630807242
-0.03944444109507184 -0.0385717764690747 -2.7352092295828574
-0.03944444109507184 -0.0385717764690747 -2.735209229582861
-0.01884955592153876 -0.04450589592585541 -2.7367800259096366
-0.01884955592153876 -0.04450589592585541 -2.7367800259096327
-0.007330382858376184 -0.04712388980384691 -2.7383508222364394
0.004014257279586958 -0.04956735075663897 -2.7409688161144414
0.015009831567151233 -0.0523598775598299 -2.7420160136656375
0.015009831567151233 -0.0523598775598299 -2.742016013665638
0.026703537555513242 -0.05480333851262196 -2.7423650795160346
0.03874630939427412 -0.05742133239061346 -2.7430632112168234
0.05096361415823442 -0.06003932626860495 -2.7444594746184166
0.06405358354819189 -0.06265732014659645 -2.7458557380200146
0.06405358354819189 -0.06265732014659645 -2.745855738020014
0.07661995416255106 -0.06632251157578453 -2.746204803870416
0.10035643198967395 -0.07295476273336299 -2.746379336795623
0.11379546723003028 -0.07487462491055674 -2.7456812050948227
0.11379546723003028 -0.07487462491055674 -2.7456812050948227
0.12671090369478832 -0.07312929565856241 -2.746728402646024
0.13334315485236678 -0.06859143960337716 -2.7484737318980135
0.13055062804917586 -0.06387905062299247 -2.7491718635988076
0.12182398178920421 -0.05846852994181005 -2.7512662587012002
0.12182398178920421 -0.05846852994181005 -2.7512662587012
0.10803588069844901 -0.05427973973702366 -2.7523134562523968
0.09180431865490173 -0.05288347633542819 -2.752487989177594
0.05811946409141117 -0.04956735075663897 -2.753709719654002
0.04223696789826278 -0.046774823953448036 -2.7519643904020037
0.04223696789826278 -0.046774823953448036 -2.7519643904020046
0.02775073510670984 -0.044680428851054846 -2.750917192850808
0.015009831567151233 -0.043633231299858244 -2.7502190611499993
0.015009831567151233 -0.043633231299858244 -2.7502190611499993
0.0029670597283903604 -0.04206243497306335 -2.7495209294492016
-0.016406094968746697 -0.038222710618675826 -2.7472520014215904
-0.016406094968746697 -0.038222710618675826 -2.747252001421587
-0.02495820830351891 -0.036128315516282636 -2.7462048038704117
-0.031939525311496235 -0.035081117965086034 -2.7469029355712045
-0.031939525311496235 -0.035081117965086034 -2.746902935571205
-0.041015237421866746 -0.032288591161895114 -2.747950133122385
-0.041015237421866746 -0.032288591161895114 -2.7479501331223815
-0.041887902047863905 -0.031764992386296806 -2.7476010672719964
-0.03979350694547071 -0.03211405823669568 -2.7470774684963915
-0.03979350694547071 -0.03211405823669568 -2.747077468496391
-0.03630284844148206 -0.0349065850398866 -2.74603027094519
-0.030892327760299633 -0.03909537524467299 -2.7463793367956058
-0.02426007660272118 -0.04241150082346222 -2.7469029355712036
-0.016057029118347832 -0.04502949470145372 -2.7479501331223846
0.0033161255787892262 -0.04764748857944521 -2.7428886782915973
0.0033161255787892262 -0.04764748857944521 -2.7428886782915973
0.024783675378319478 -0.0502654824574367 -2.7352092295828188
0.04223696789826278 -0.05201081170943103 -2.727006182098436
0.053581608036225914 -0.052534410485029326 -2.736256427134006
0.05846852994181004 -0.05009094953223727 -2.810432920343759
0.05846852994181004 -0.05009094953223727 -2.8104329203437577
0.05846852994181004 -0.047298422729046344 -2.9093930889318376
0.05515240436302082 -0.042586033748661656 -3.1378566880178953
0.05323254218582705 -0.037524578917878096 3.0231555715220892
0.04921828490624009 -0.03385938748869001 2.898189997079304
0.044331363000655974 -0.031066860685499076 2.773224422636503
0.044331363000655974 -0.031066860685499076 2.7732244226365026
0.03700098014227979 -0.02949606435870418 2.648782446969319
0.028274333882308142 -0.030543261909900768 2.5252131359281305
0.028274333882308142 -0.030543261909900768 2.5252131359281313
0.019547687622336492 -0.03385938748869001 2.4032146212137215
0.0033161255787892262 -0.04118977034706618 2.16550077709209
0.0033161255787892262 -0.04118977034706618 2.16550077709209
-0.032812189937493394 -0.04520402762665315 1.9707220325695225
-0.032812189937493394 -0.04520402762665315 1.9707220325695225
-0.046774823953448036 -0.03909537524467299 1.9593773924315556
-0.04799655442984406 -0.03420845333908887 1.9703729667191145
-0.038571776469074684 -0.03560471674068433 1.984335600735063
-0.026354471705114377 -0.04380776422505768 1.9843356007350597
-0.026354471705114377 -0.04380776422505768 1.9969019713494256
-0.014486232791552934 -0.05427973973702366 2.0071994139361937
-0.003490658503988659 -0.0645771823237902 2.0119118029165772
0.005934119456780721 -0.07452555906015788 2.014529796794576
0.012915436464758038 -0.08115781021773633 2.018194988223761
0.012915436464758038 -0.08115781021773633 2.018194988223761
0.01780235837034216 -0.08534660042252273 2.0229073772041355
0.022514747350726852 -0.08779006137531478 2.029016029586109
0.026703537555513242 -0.08761552845011536 2.0372190770704997
0.026703537555513242 -0.08761552845011536 2.0372190770705028
0.029845130209103034 -0.08621926504851989 2.0454221245548743
0.031939525311496235 -0.08534660042252273 2.0585120939448274
0.032812189937493394 -0.08517206749732328 2.0742200572127736
0.0322885911618951 -0.0867428638241182 2.0878336253783303
0.030543261909900768 -0.08901179185171082 2.1012726606186867
0.028099800957108706 -0.09145525280450288 2.1176787555874474
0.026703537555513242 -0.09285151620609834 2.1176787555874546
0.026703537555513242 -0.09285151620609834 2.1342593834813917
0.024609142453120045 -0.09459684545809267 2.1478729516469532
0.020594885173533087 -0.09564404300928928 2.1576467954581195
0.0158824961931484 -0.09564404300928928 2.166373441718097
0.01064650843716541 -0.09442231253289324 2.175274620903255
0.01064650843716541 -0.09442231253289324 2.175274620903254
0.007155849933176751 -0.0926769832808989 2.184699398864031
0.007155849933176751 -0.0926769832808989 2.184699398864031
0.010122909661567111 -0.09215338450530061 2.2045961523367614
0.013613568165555772 -0.09494591130849153 2.21436999614793
0.016929693744344994 -0.10070549784007282 2.182954069612049
0.016929693744344994 -0.10070549784007282 2.1829540696120557
0.02007128639793479 -0.10018189906447453 2.1044142532723216
0.020943951023931952 -0.0952949771588904 2.0068503480858224
0.02007128639793479 -0.08796459430051422 1.8991635332377854
0.02007128639793479 -0.08796459430051422 1.8991635332377865
0.0158824961931484 -0.07941248096574201 1.7871133952597504
0.012740903539558606 -0.06998770300497262 1.6710490000021279
0.012042771838760872 -0.06195918844579871 1.5539374071933072
0.012042771838760872 -0.05602506898901799 1.4375239460852838
0.01064650843716541 -0.050614548307835565 1.3179688923236692
0.01064650843716541 -0.050614548307835565 1.3179688923236692
0.008203047484373348 -0.04642575810304917 1.1959703776092576
0.005934119456780721 -0.04206243497306335 1.075542659221665
0.005235987755982988 -0.0349065850398866 0.9736154309051981
0.0041887902047863905 -0.02740166925631099 0.9142742363373942
0.0 -0.01727875959474387 0.8994389376954536
-0.010995574287564275 -0.0109955742875643 0.9078165181050136
-0.010995574287564275 -0.0109955742875643 0.9078165181050136
-0.022689280275926284 -0.007504915783575636 0.9142742363373965
-0.027227136331111543 -0.01151917306316258 0.9167176972901842
-0.024085543677521744 -0.022863813201125724 0.9198592899437779
-0.024085543677521744 -0.022863813201125724 0.9198592899437782
-0.016406094968746697 -0.0385717764690747 0.9242226130737504
-0.006981317007977318 -0.05480333851262196 0.9282368703533508
0.0033161255787892262 -0.06859143960337716 0.9273642057273499
0.014311699866353502 -0.07958701389094144 0.9273642057273499
0.014311699866353502 -0.07958701389094144 0.9266660740265664
0.026878070480712675 -0.08796459430051422 0.9174158289909898
0.03979350694547071 -0.09337511498169664 0.8451591979584294
0.04817108735504349 -0.09023352232810684 0.8050166251625543
0.05480333851262195 -0.0830776723949301 0.7732516327762579
0.05480333851262195 -0.0830776723949301 0.7732516327762579
0.059864793343405505 -0.07417649320975903 0.7563219390319227
0.062482787221396996 -0.06597344572538566 0.757194603657914
0.06475171524898962 -0.058992128717408346 0.7657467169926764
0.06824237375297829 -0.05393067388662479 0.7535294122287136
0.0715584993317675 -0.049741883681838406 0.692442888408902
0.0715584993317675 -0.049741883681838406 0.6924428884088973
0.07330382858376185 -0.04502949470145372 0.6704517398337816
0.07347836150896127 -0.04136430327226562 0.6472388607822483
0.0715584993317675 -0.0396189740202713 0.6402575437742734
0.06702064327658225 -0.0385717764690747 0.6451444656798611
0.06702064327658225 -0.0385717764690747 0.6451444656798624
0.061959188445798695 -0.038222710618675826 0.6549183094910506
0.056548667764616284 -0.03839724354387526 0.6673101471802079
0.05096361415823442 -0.03944444109507185 0.6804001165701701
0.05096361415823442 -0.03944444109507185 0.6804001165701705
0.04485496177625427 -0.03996803987067016 0.6919192896333332
0.038397243543875255 -0.04118977034706618 0.7001223371177204
0.03159045946109736 -0.04206243497306335 0.7065800553500967
0.025132741228718343 -0.04241150082346222 0.7130377735824568
0.025132741228718343 -0.04241150082346222 0.7130377735824529
0.02129301687433082 -0.04241150082346222 0.7208917552164317
0.017278759594743863 -0.042586033748661656 0.7276985392992257
0.012915436464758038 -0.04206243497306335 0.7334581258307967
0.008377580409572781 -0.04206243497306335 0.7385195806615746
0.008377580409572781 -0.04206243497306335 0.7385195806615735
0.00471238898038469 -0.04241150082346222 0.7430574367167769
0.0017453292519943296 -0.042586033748661656 0.7472462269215427
0.0 -0.04276056667386108 0.7510859512759331
0.0 -0.042586033748661656 0.7552747414807125
0.0017453292519943296 -0.042935099599060514 0.7592889987602998
0.0017453292519943296 -0.042935099599060514 0.7592889987602996
0.003490658503988659 -0.04415683007545655 0.7641759206658734
0.0054105206811824215 -0.04590215932745088 0.7690628425714824
0.0054105206811824215 -0.04590215932745088 0.7690628425714843
0.009075712110370514 -0.04712388980384691 0.7727280340006828
0.014311699866353502 -0.04607669225265031 0.7755205608038546
0.019198621771937627 -0.04520402762665315 0.7783130876070471
0.019198621771937627 -0.04520402762665315 0.7783130876070471
0.028274333882308142 -0.04607669225265031 0.7859925363158374
0.03298672286269283 -0.04852015320544237 0.7879123984930401
0.03822271061867582 -0.05166174585903217 0.7901813265206045
0.04345869837465881 -0.05480333851262196 0.7924502545482055
0.04345869837465881 -0.05480333851262196 0.7924502545482054
0.04939281783143953 -0.05794493116621175 0.7941955838002149
0.05585053606381855 -0.061610122595399844 0.7955918472018094
0.06161012259539983 -0.0651007810993885 0.7980353081545976
0.06161012259539983 -0.0651007810993885 0.7980353081545973
0.06719517620178168 -0.06702064327658226 0.8004787691073908
0.0715584993317675 -0.06684611035138283 0.8015259666585945
0.07400196028455958 -0.06527531402458793 0.8034458288357941
0.0747000919853573 -0.06248278722139701 0.8043184934617931
0.07400196028455958 -0.05934119456780722 0.804318493461794
0.07400196028455958 -0.05934119456780722 0.8055402239381725
0.07225663103256524 -0.05532693728822026 0.8085072836665654
0.06946410422937431 -0.0513126800086333 0.8102526129185575
0.06946410422937431 -0.0513126800086333 0.8102526129185398
0.061261056745000965 -0.04607669225265031 0.8123470080209472
0.061261056745000965 -0.04607669225265031 0.8123470080209474
0.054628805587422516 -0.044680428851054846 0.8158376665249255
0.04817108735504349 -0.04415683007545655 0.8195028579541077
0.04153883619746504 -0.044680428851054846 0.8224699176824972
0.04153883619746504 -0.044680428851054846 0.8224699176824933
0.03490658503988659 -0.044680428851054846 0.8252624444856892
0.028274333882308142 -0.04537856055185258 0.8277059054384794
0.021642082724729686 -0.04625122517784974 0.8282295042140682
0.015707963267948967 -0.04660029102824861 0.8304984322416875
0.015707963267948967 -0.04660029102824861 0.8304984322416901
0.005235987755982988 -0.04660029102824861 0.8346872224464602
0.0013962634015954637 -0.04555309347705201 0.8346872224464582
0.0013962634015954637 -0.04555309347705201 0.836083485848045
-0.0015707963267948964 -0.04433136300065599 0.8371306833992559
-0.003839724354387525 -0.042935099599060514 0.8378288151000404
-0.006283185307179586 -0.041887902047863926 0.839748677277234
-0.006283185307179586 -0.041887902047863926 0.8397486772772335
-0.00767944870877505 -0.042236967898262784 0.8423666711552403
-0.007853981633974483 -0.043284165449459386 0.8446355991828266
-0.006981317007977318 -0.04520402762665315 0.8463809284348232
-0.005235987755982988 -0.0481710873550435 0.8481262576868166
-0.005235987755982988 -0.0481710873550435 0.8481262576868166
-0.0017453292519943296 -0.05201081170943103 0.8491734552379993
0.0012217304763960308 -0.05427973973702366 0.8502206527891986
0.003839724354387525 -0.05497787143782139 0.8514423832656054
0.003839724354387525 -0.05497787143782139 0.8514423832656073
0.012566370614359171 -0.05550147021341969 0.8568529039467851
0.012566370614359171 -0.05550147021341969 0.856852903946785
0.01832595714594046 -0.0523598775598299 0.8592963648995722
0.024085543677521744 -0.04886921905584124 0.8603435624507567
0.029321531433504737 -0.04764748857944521 0.8613907600019515
0.029321531433504737 -0.04764748857944521 0.8613907600019495
0.034033920413889425 -0.04852015320544237 0.8631360892539675
0.038571776469074684 -0.0502654824574367 0.8647068855807689
0.04310963252425994 -0.05323254218582706 0.86540501728155
0.04852015320544236 -0.05724679946541402 0.8648814185059612
0.04852015320544236 -0.05724679946541402 0.8648814185059657
0.054279739737023644 -0.06195918844579871 0.8636596880295575
0.06702064327658225 -0.06894050545377603 0.8622634246279632
0.07260569688296412 -0.07016223593017207 0.8627870234035472
0.07260569688296412 -0.07016223593017207 0.8627870234035421
0.07504915783575616 -0.06841690667817774 0.8633106221791547
0.0752236907609556 -0.06544984694978737 0.8633106221791552
0.07382742735936015 -0.062133721370998145 0.8626124904783596
0.07382742735936015 -0.062133721370998145 0.8626124904783598
0.06981317007977318 -0.05794493116621175 0.8633106221791572
0.06370451769779303 -0.05410520681182423 0.8643578197303561
0.05759586531581287 -0.0513126800086333 0.865928616057141
0.05113814708343386 -0.04939281783143954 0.8668012806831413
0.05113814708343386 -0.04939281783143954 0.8668012806831413
0.0445058959258554 -0.04764748857944521 0.8688956757855474
0.03787364476827695 -0.047298422729046344 0.8699428733367409
0.032114058236695664 -0.04782202150464464 0.8709900708879365
0.027401669256310976 -0.04886921905584124 0.8722118013643261
0.02356194490192345 -0.049043751981040676 0.8736080647659092
0.019896753472735354 -0.048694686130641804 0.8746552623171019
0.019896753472735354 -0.048694686130641804 0.8746552623171002
0.015184364492350668 -0.04886921905584124 0.876749657419496
0.010471975511965976 -0.04834562028024294 0.8790185854470919
0.005061454830783556 -0.04764748857944521 0.880240315923488
-6.981317007977319E-4 -0.04502949470145372 0.880240315923488
-6.981317007977319E-4 -0.04502949470145372 0.8814620463998896
-0.005235987755982988 -0.041887902047863926 0.8837309744274884
-0.008377580409572781 -0.03944444109507185 0.8847781719786805
-0.008377580409572781 -0.03944444109507185 0.8847781719786805
-0.01064650843716541 -0.038920842319473556 0.885127237829086
-0.012217304763960306 -0.03909537524467299 0.8861744353802892
-0.013788101090755204 -0.040840704496667324 0.8877452317070798
-0.014486232791552934 -0.043982297150257116 0.8903632255850817
-0.014486232791552934 -0.043982297150257116 0.8903632255850834
-0.013264502315156905 -0.046774823953448036 0.8865235012306995
-0.010297442586766544 -0.04956735075663897 0.8886178963330975
-0.007330382858376184 -0.05096361415823444 0.8886178963330996
-0.004886921905584123 -0.0502654824574367 0.8854763036795072
-0.004886921905584123 -0.0502654824574367 0.8854763036795072
-0.0022689280275926286 -0.048694686130641804 0.884952704903915
0.0012217304763960308 -0.04660029102824861 0.8863489683055179
0.00471238898038469 -0.04433136300065599 0.8861744353803181
0.008028514559173916 -0.04276056667386108 0.8875706987819132
0.008028514559173916 -0.04276056667386108 0.8875706987819144
0.011868238913561441 -0.043284165449459386 0.8900141597347193
0.016929693744344994 -0.044680428851054846 0.8926321536127033
0.02303834612632515 -0.04625122517784974 0.8945520157898901
0.02303834612632515 -0.04625122517784974 0.8945520157898897
0.03647738136668149 -0.049741883681838406 0.8969954767426878
0.03647738136668149 -0.049741883681838406 0.8982172072190766
0.0439822971502571 -0.05358160803622593 0.8983917401442811
0.05166174585903215 -0.057595865315812886 0.897170009667884
0.05166174585903215 -0.057595865315812886 0.897170009667884
0.059341194567807204 -0.05934119456780722 0.897170009667884
0.06562437987498679 -0.05934119456780722 0.8973445425930815
0.07138396640656808 -0.05986479334340551 0.897170009667884
0.07644542123735164 -0.06056292504420324 0.8964718779670993
0.08342673824532895 -0.06265732014659645 0.8966464108923027
0.08342673824532895 -0.06265732014659645 0.8966464108923033
0.08621926504851989 -0.06248278722139701 0.8957737462663097
0.0879645943005142 -0.06056292504420324 0.894028417014322
0.08761552845011533 -0.05619960191421742 0.8910613572859277
0.08761552845011533 -0.05619960191421742 0.8910613572859277
0.08482300164692443 -0.050789081233034994 0.8887924292583251
0.07958701389094142 -0.04625122517784974 0.887221632931553
0.07243116395776468 -0.04206243497306335 0.8875706987819452
0.06440264939859076 -0.0385717764690747 0.8887924292583258
0.05637413483941684 -0.03665191429188093 0.8901886926599438
0.05637413483941684 -0.03665191429188093 0.8901886926599458
0.047472955654245766 -0.03543018381548489 0.8917594889867309
0.03630284844148206 -0.03473205211468716 0.8935048182387337
0.024434609527920613 -0.03525565089028547 0.8949010816403197
0.014486232791552934 -0.03647738136668151 0.8962973450419001
0.014486232791552934 -0.03647738136668151 0.8962973450418952
0.006283185307179586 -0.03647738136668151 0.8975190755182949
-0.0019198621771937625 -0.03455751918948774 0.899089871845099
-0.00942477796076938 -0.031590459461097384 0.9017078657230829
-0.00942477796076938 -0.031590459461097384 0.901707865723071
-0.01832595714594046 -0.025481807079117222 0.9053730571522725
-0.01832595714594046 -0.025481807079117222 0.9053730571522772
-0.01832595714594046 -0.025481807079117222 0.9053730571522804
-0.020943951023931952 -0.02234021442552743 0.909038248581461
-0.020943951023931952 -0.02234021442552743 0.9090382485814607
-0.020245819323134222 -0.023387411976724032 0.9121798412350463
-0.00767944870877505 -0.027576202181510412 0.9177648948414266
-0.00767944870877505 -0.027576202181510412 0.9177648948414263
0.030019663134302467 -0.040142572795869594 0.9341709898101788
0.030019663134302467 -0.040142572795869594 0.934170989810179
0.05899212871740834 -0.043982297150257116 0.8278804383637356
0.05899212871740834 -0.043982297150257116 0.8278804383637396
0.06928957130417489 -0.04031710572106903 0.7226370844684737
0.06928957130417489 -0.04031710572106903 0.7226370844684736
0.07435102613495843 -0.03193952531149624 0.610936012340827
0.07068583470577035 -0.02443460952792062 0.49242815613041424
0.0614355896702004 -0.020245819323134226 0.3683352463136039
0.05096361415823442 -0.018151424220741036 0.24424233649682256
0.041015237421866746 -0.01727875959474387 0.24424233649682386
0.041015237421866746 -0.01727875959474387 0.12311648640841455
0.03316125578789226 -0.01658062789394614 7.689058436116682E-4
0.0291469985083053 -0.014137166941154078 -0.12437120152438097
0.0291469985083053 -0.014137166941154078 -0.12437120152438094
0.025132741228718343 -0.006806784082777906 -0.3578962554412234
0.025132741228718343 -0.006806784082777906 -0.3578962554412234
0.019547687622336492 -0.004886921905584138 -0.44463911926535143
0.013613568165555772 -0.005410520681182432 -0.4964753980495647
0.013613568165555772 -0.005410520681182432 -0.49647539804956375
0.0019198621771937625 -0.004014257279586972 -0.4722153214468351
-0.006457718232379019 -0.007330382858376186 -0.44463911926533883
-0.007155849933176751 -0.016406094968746704 -0.424916898717799
-0.004014257279586958 -0.03019419605950191 -0.4113033305522394
-0.004014257279586958 -0.03019419605950191 -0.4113033305522392
3.4906585039886593E-4 -0.04415683007545655 -0.4017040196662702
0.005235987755982988 -0.05427973973702366 -0.3941991038826879
0.009773843811168246 -0.05986479334340551 -0.39035937952830635
0.009773843811168246 -0.05986479334340551 -0.3903593795283064
0.015184364492350668 -0.06283185307179587 -0.38756685272512315
0.02076941809873252 -0.06056292504420324 -0.38529792469751584
0.025830872929516076 -0.05462880558742252 -0.3823308649691228
0.032637657012293965 -0.046774823953448036 -0.38058553571714693
0.039968039870670144 -0.03944444109507185 -0.37709487721315255
0.039968039870670144 -0.03944444109507185 -0.37709487721315266
0.04590215932745086 -0.0333357887130917 -0.3715098236067727
0.05061454830783556 -0.02809980095710872 -0.3669719675515853
0.052708943410228755 -0.022165681500327994 -0.3643539736735936
0.052708943410228755 -0.022165681500327994 -0.3643539736735936
0.05253441048502932 -0.016406094968746704 -0.36068878224441236
0.05113814708343386 -0.012566370614359182 -0.35702359081521146
0.05009094953223726 -0.010471975511965992 -0.354580129862422
0.05009094953223726 -0.010471975511965992 -0.35458012986242177
0.04834562028024293 -0.009075712110370532 -0.34986774088202804
0.04834562028024293 -0.009075712110370532 -0.3498677408820245
0.0471238898038469 -0.00942477796076939 -0.34777334577963165
0.04276056667386108 -0.009250245035569954 -0.34532988482682925
0.03735004599267865 -0.008377580409572788 -0.3425373580236507
0.03735004599267865 -0.008377580409572788 -0.342537358023653
0.030543261909900768 -0.008028514559173916 -0.3392212324448524
0.02356194490192345 -0.009250245035569954 -0.3355560410156668
0.017453292519943295 -0.011170107212763722 -0.33119271788568994
0.012217304763960306 -0.013613568165555784 -0.3284001910825047
0.012217304763960306 -0.013613568165555784 -0.3284001910825086
0.011344640137963142 -0.016231562043547282 -0.32630579598011156
0.01815142422074103 -0.01867502299633933 -0.3556273274136296
0.023911010752322315 -0.016929693744345012 -0.42474236579260694
0.02844886680750757 -0.013089969389957476 -0.5139286905695231
0.030892327760299633 -0.007155849933176764 -0.617426715212782
0.02897246558310587 -0.0017453292519943459 -0.7284296556396233
0.023212879051524585 0.001570796326794896 -0.8446685838224477
0.023212879051524585 0.001570796326794896 -0.8446685838224477
0.01815142422074103 0.001745329251994318 -0.965096302210053
0.0153588974175501 3.4906585039885807E-4 -1.0834296254952664
0.011344640137963142 -0.001221730476396038 -1.2024610804812939
0.006108652381980153 -0.001919862177193768 -1.2024610804812967
0.006108652381980153 -0.001919862177193768 -1.3242850622705022
0.0 -0.0036651914291881 -1.4475053074612962
-0.007155849933176751 -0.00593411945678074 -1.5715982172780947
-0.015184364492350668 -0.010471975511965992 -1.6948184624688933
-0.015184364492350668 -0.010471975511965992 -1.6948184624688933
-0.02111848394913139 -0.01658062789394614 -1.8171660430336953
-0.02949606435870417 -0.019722220547535946 -1.9262491212833426
-0.04153883619746504 -0.022863813201125724 -2.022591295993428
-0.05253441048502932 -0.024958208303518928 -2.0824560893368185
-0.06562437987498679 -0.016231562043547282 -2.0695406528720723
-0.06562437987498679 -0.016231562043547282 -2.069540652872073
-0.07103490055616922 -0.010471975511965992 -2.0473749713717337
-0.06771877497737998 -0.012740903539558618 -2.031667008103784
-0.05777039824101231 -0.022689280275926302 -2.0238130264698126
-0.05777039824101231 -0.022689280275926302 -2.0238130264698144
-0.0439822971502571 -0.03717551306747924 -2.0175298411626414
-0.027925268031909273 -0.05323254218582706 -2.0154354460602493
-0.012217304763960306 -0.06806784082777886 -2.0199733021154334
-0.012217304763960306 -0.06806784082777886 -2.0199733021154334
0.010995574287564275 -0.08866272600131195 -2.0344595349069823
0.010995574287564275 -0.08866272600131195 -2.0344595349069823
0.017453292519943295 -0.09110618695410401 -2.0389973909621606
0.023212879051524585 -0.08796459430051422 -2.0410917860645403
0.02949606435870417 -0.08185594191853407 -2.0402191214385716
0.03682644721708035 -0.07452555906015788 -2.0369029958597764
0.03682644721708035 -0.07452555906015788 -2.0369029958597764
0.04363323129985824 -0.0671951762017817 -2.032888738580177
0.04939281783143953 -0.06021385919380438 -2.0286999483753965
0.05235987755982989 -0.056548667764616284 -2.0245111581706126
0.05235987755982989 -0.056548667764616284 -2.024511158170613
0.051487212933832724 -0.056374134839416855 -2.0232894276942206
0.04799655442984406 -0.05916666164260779 -2.0229403618438293
0.04153883619746504 -0.06283185307179587 -2.0215440984422113
0.03385938748868999 -0.06492624817418907 -2.0210204996666263
0.024783675378319478 -0.0651007810993885 -2.020496900891038
0.024783675378319478 -0.0651007810993885 -2.0204969008910405
0.016755160819145562 -0.06352998477259361 -2.019624236265038
0.01117010721276371 -0.06579891280018624 -2.075300239403669
0.00767944870877505 -0.06632251157578453 -2.1264383864871066
0.00767944870877505 -0.06632251157578453 -2.1264383864871084
0.00767944870877505 -0.06632251157578453 -2.1264383864871084
0.0012217304763960308 -0.05724679946541402 -2.1667554922081833
-0.0024434609527920616 -0.053756140961425364 -2.1702461507121593
-0.006283185307179586 -0.0534070751110265 -2.167628156834163
-0.010122909661567111 -0.05427973973702366 -2.1639629654049815
-0.013089969389957472 -0.05532693728822026 -2.161170438601796
-0.013089969389957472 -0.05532693728822026 -2.161170438601796
-0.013613568165555772 -0.05672320068981572 -2.159599642274985
-0.012915436464758038 -0.05777039824101232 -2.158377911798592
-0.010821041362364843 -0.05881759579220892 -2.158028845948199
-0.008726646259971648 -0.05811946409141119 -2.1564580496213956
-0.006283185307179586 -0.05742133239061346 -2.15488725329461
-0.006283185307179586 -0.05742133239061346 -2.1548872532946106
-0.0027925268031909274 -0.056548667764616284 -2.1534909898930117
0.0012217304763960308 -0.05619960191421742 -2.152967391117433
0.004537856055185257 -0.05689773361501515 -2.1533164569678367
0.008377580409572781 -0.058293997016610616 -2.1620431032277945
0.008377580409572781 -0.058293997016610616 -2.1620431032277865
0.012915436464758038 -0.06283185307179587 -2.23290347085876
0.017278759594743863 -0.06422811647339133 -2.2770603009342207
0.02181661564992912 -0.06370451769779303 -2.2997495812101487
0.02181661564992912 -0.06370451769779303 -2.299749581210149
0.026703537555513242 -0.062133721370998145 -2.3081271616197285
0.030019663134302467 -0.05986479334340551 -2.3091743591709233
0.0322885911618951 -0.05794493116621175 -2.3069054311433352
0.03438298626428829 -0.056548667764616284 -2.303589305564554
0.03577924966588375 -0.056374134839416855 -2.300273179985761
0.03577924966588375 -0.056374134839416855 -2.300273179985761
0.034732052114687155 -0.05550147021341969 -2.2959098568557748
0.031939525311496235 -0.05550147021341969 -2.293815461753373
0.028274333882308142 -0.05619960191421742 -2.29468812637937
0.023911010752322315 -0.05724679946541402 -2.295037192229772
0.02007128639793479 -0.057595865315812886 -2.293815461753371
0.02007128639793479 -0.057595865315812886 -2.2938154617533697
0.010297442586766544 -0.057595865315812886 -2.294164527603785
0.010297442586766544 -0.057595865315812886 -2.295037192229773
-0.0041887902047863905 -0.0534070751110265 -2.294513593454179
-0.0041887902047863905 -0.0534070751110265 -2.294513593454179
-0.006283185307179586 -0.051836278784231596 -2.2948626593045747
-0.007853981633974483 -0.050440015382636136 -2.2953862580801614
-0.008377580409572781 -0.04956735075663897 -2.295386258080156
-0.00767944870877505 -0.04834562028024294 -2.295386258080155
-0.00767944870877505 -0.04834562028024294 -2.295386258080154
-0.005759586531581287 -0.04747295565424577 -2.2946881263793597
-0.0024434609527920616 -0.04764748857944521 -2.294339060528947
0.005585053606381855 -0.04956735075663897 -2.295386258080153
0.005585053606381855 -0.04956735075663897 -2.2953862580801534
0.009075712110370514 -0.05096361415823444 -2.2953862580801534
0.013089969389957472 -0.05201081170943103 -2.2960843897809475
0.017453292519943295 -0.0534070751110265 -2.2962589227061323
0.017453292519943295 -0.0534070751110265 -2.296258922706131
0.02111848394913139 -0.05497787143782139 -2.296607988556536
0.02426007660272118 -0.05602506898901799 -2.298004251958132
0.025656340004316644 -0.05672320068981572 -2.299051449509326
0.026703537555513242 -0.056374134839416855 -2.2987023836589358
0.027052603405912107 -0.05532693728822026 -2.298876916584133
0.026703537555513242 -0.05393067388662479 -2.2997495812101425
0.026703537555513242 -0.05393067388662479 -2.299749581210146
0.02600540585471551 -0.053058009260627634 -2.3002731799857505
0.025132741228718343 -0.05218534463463046 -2.3006222458361374
0.025132741228718343 -0.05218534463463046 -2.300622245836137
0.022165681500327987 -0.049741883681838406 -2.299749581210148
0.02111848394913139 -0.049043751981040676 -2.299575048284935
0.02129301687433082 -0.04939281783143954 -2.300098647060523
0.02129301687433082 -0.04939281783143954 -2.3000986470605174
0.02111848394913139 -0.049218284906240105 -2.3006222458361165
0.02111848394913139 -0.049218284906240105 -2.3006222458361165
0.02076941809873252 -0.048694686130641804 -2.300796778761311
0.019896753472735354 -0.049043751981040676 -2.301669443387313
0.019896753472735354 -0.049043751981040676 -2.301669443387313
0.019896753472735354 -0.049043751981040676 -2.301669443387313
0.016231562043547264 -0.0502654824574367 -2.303589305564512
0.014311699866353502 -0.05166174585903217 -2.3034147726392975
0.011868238913561441 -0.05166174585903217 -2.3032402397141007
0.009948376736367677 -0.050789081233034994 -2.3046365031157015
0.007504915783575617 -0.04956735075663897 -2.3053346348164925
0.007504915783575617 -0.04956735075663897 -2.305334634816491
0.0054105206811824215 -0.048694686130641804 -2.3046365031157
0.003665191429188092 -0.04764748857944521 -2.3037638384896937
0.0029670597283903604 -0.04537856055185258 -2.3034147726392917
0.0029670597283903604 -0.04537856055185258 -2.303414772639278
0.002617993877991494 -0.04380776422505768 -2.3035893055644996
0.0022689280275926286 -0.043982297150257116 -2.3037638384896737
0.0033161255787892262 -0.044680428851054846 -2.302193042162889
0.005235987755982988 -0.04607669225265031 -2.303240239714093
0.007504915783575617 -0.04694935687864748 -2.3032402397140936
0.007504915783575617 -0.04694935687864748 -2.3032402397140976
0.009599310885968814 -0.04712388980384691 -2.302193042162894
0.009599310885968814 -0.04712388980384691 -2.302193042162894
0.015707963267948967 -0.04607669225265031 -2.3011458446117095
0.015707963267948967 -0.04607669225265031 -2.301145844611714
0.01832595714594046 -0.04747295565424577 -2.3025421080132955
0.02007128639793479 -0.049741883681838406 -2.3048110360408858
0.024609142453120045 -0.05218534463463046 -2.306032766517286
0.024609142453120045 -0.05218534463463046 -2.307429029918883
0.026354471705114377 -0.05201081170943103 -2.3077780957692973
0.025830872929516076 -0.05201081170943103 -2.3076035628440996
0.025830872929516076 -0.05201081170943103 -2.307603562844107
0.02426007660272118 -0.05096361415823444 -2.307429029918906
0.02199114857512855 -0.04886921905584124 -2.307778095769309
0.01937315469713706 -0.04712388980384691 -2.30760356284411
0.016231562043547264 -0.04537856055185258 -2.306905431143324
0.016231562043547264 -0.04537856055185258 -2.306905431143332
0.013962634015954637 -0.04345869837465881 -2.306381832367732
0.013089969389957472 -0.043284165449459386 -2.3062072994425353
0.013089969389957472 -0.043284165449459386 -2.3062072994425353
0.012391837689159739 -0.04694935687864748 -2.305334634816546
0.012217304763960306 -0.04852015320544237 -2.3065563652929546
0.012217304763960306 -0.04852015320544237 -2.3065563652929564
0.011868238913561441 -0.049218284906240105 -2.308301694544953
0.012391837689159739 -0.048694686130641804 -2.308127161619761
0.013788101090755204 -0.04660029102824861 -2.3069054311433472
0.013788101090755204 -0.04660029102824861 -2.3069054311433392
0.016057029118347832 -0.04310963252425995 -2.305334634816552
0.016057029118347832 -0.04310963252425995 -2.305334634816552
0.016231562043547264 -0.042236967898262784 -2.305858233592145
0.017627825445142728 -0.04276056667386108 -2.3072544969937563
0.017627825445142728 -0.04276056667386108 -2.3072544969937603
0.017627825445142728 -0.043633231299858244 -2.3093488920961622
0.016755160819145562 -0.04310963252425995 -2.3093488920961662
0.01658062789394613 -0.043633231299858244 -2.3095234250213554
0.01658062789394613 -0.043633231299858244 -2.309523425021355
0.016231562043547264 -0.04485496177625428 -2.309697957946538
0.016231562043547264 -0.04485496177625428 -2.3096979579465367
0.015533430342749533 -0.04607669225265031 -2.3100470237969284
0.015533430342749533 -0.04607669225265031 -2.310047023796926
0.015009831567151233 -0.04590215932745088 -2.3109196884229153
0.014835298641951801 -0.04537856055185258 -2.3105706225725093
0.016406094968746697 -0.044680428851054846 -2.310745155497721
0.016406094968746697 -0.044680428851054846 -2.310745155497735
0.018500490071139894 -0.04380776422505768 -2.311268754273348
0.019547687622336492 -0.042935099599060514 -2.3107451554977385
0.019547687622336492 -0.04310963252425995 -2.3105706225725298
0.019547687622336492 -0.04310963252425995 -2.3105706225725275
0.017627825445142728 -0.04520402762665315 -2.3126650176749224
0.017627825445142728 -0.04520402762665315 -2.312665017674922
0.016406094968746697 -0.04502949470145372 -2.3123159518245324
0.0153588974175501 -0.04310963252425995 -2.313886748151322
0.0153588974175501 -0.04310963252425995 -2.313886748151322
0.014660765716752368 -0.04171336912266449 -2.315632077403325
0.013613568165555772 -0.04136430327226562 -2.3165047420293106
0.013089969389957472 -0.04206243497306335 -2.317028340804917
0.013089969389957472 -0.04206243497306335 -2.317028340804917
0.012740903539558606 -0.042935099599060514 -2.317377406655324
0.012740903539558606 -0.042935099599060514 -2.3173774066553254
0.012566370614359171 -0.041887902047863926 -2.316330209104125
0.012566370614359171 -0.040142572795869594 -2.3151084786277254
0.013788101090755204 -0.038920842319473556 -2.3156320774033277
0.015009831567151233 -0.03979350694547072 -2.316330209104125
0.015707963267948967 -0.03979350694547072 -2.317202873730115
0.015707963267948967 -0.03979350694547072 -2.3172028737301145
0.016057029118347832 -0.041538836197465054 -2.3180755383561094
0.016929693744344994 -0.04433136300065599 -2.317901005430915
0.01815142422074103 -0.04607669225265031 -2.3180755383561094
0.018675022996339326 -0.04625122517784974 -2.3189482029821216
0.018675022996339326 -0.04625122517784974 -2.3189482029821264
0.019024088846738195 -0.04625122517784974 -2.3189482029821313
0.019024088846738195 -0.04572762640225145 -2.3192972688325257
0.017976891295541596 -0.04485496177625428 -2.31825007128133
0.01658062789394613 -0.04433136300065599 -2.316853807879731
0.01658062789394613 -0.04433136300065599 -2.316853807879731
0.016231562043547264 -0.04485496177625428 -2.317202873730119
0.01658062789394613 -0.04485496177625428 -2.3175519395805306
0.01658062789394613 -0.04572762640225145 -2.3192972688325253
0.01658062789394613 -0.04572762640225145 -2.3192972688325257
0.016755160819145562 -0.046774823953448036 -2.3206935322340954
0.016755160819145562 -0.046774823953448036 -2.3206935322340927
0.016231562043547264 -0.04590215932745088 -2.320344466383698
0.015533430342749533 -0.04433136300065599 -2.320169933458499
0.014486232791552934 -0.04310963252425995 -2.3213916639349
0.014486232791552934 -0.04310963252425995 -2.321391663934901
0.012915436464758038 -0.042586033748661656 -2.3222643285608866
0.016929693744344994 -0.04276056667386108 -2.319820867608101
0.023387411976724018 -0.043633231299858244 -2.3158066103285164
0.023387411976724018 -0.043633231299858244 -2.3158066103285173
0.027227136331111543 -0.04380776422505768 -2.3327363040728657
0.027227136331111543 -0.04380776422505768 -2.332736304072866
0.023212879051524585 -0.04310963252425995 -2.4042948034046256
0.017453292519943295 -0.04241150082346222 -2.4966227208351297
0.013962634015954637 -0.04118977034706618 -2.601866074730378
0.01117010721276371 -0.03700098014227979 -2.7151379431847995
0.008726646259971648 -0.031241393610698498 -2.835391128647214
0.008726646259971648 -0.031241393610698498 -2.835391128647214
0.0066322511575784525 -0.02234021442552743 -3.079039092225622
0.0066322511575784525 -0.02234021442552743 -3.079039092225622
0.005759586531581287 -0.01867502299633933 3.0807514368379656
0.004014257279586958 -0.016231562043547282 2.9554367965447748
0.0010471975511965976 -0.014137166941154078 2.8388488025115457
-0.005934119456780721 -0.012566370614359182 2.7629269800498024
-0.005934119456780721 -0.012566370614359182 2.7629269800498024
-0.02303834612632515 -0.009948376736367684 2.743379292427462
-0.029670597283903602 -0.009948376736367684 2.74634635215585
-0.029670597283903602 -0.009948376736367684 2.74634635215585
-0.018500490071139894 -0.02949606435870418 2.7535022020890243
-0.018500490071139894 -0.02949606435870418 2.753502202089024
-0.012217304763960306 -0.04241150082346222 2.7545493996402315
-0.008028514559173916 -0.05270894341022876 2.7533276691638284
-0.008028514559173916 -0.05270894341022876 2.753327669163826
0.003141592653589793 -0.05934119456780722 2.748964346033838
0.003141592653589793 -0.05934119456780722 2.748964346033838
0.007155849933176751 -0.05550147021341969 2.7493134118842395
0.014137166941154071 -0.0513126800086333 2.7446010229038436
0.022514747350726852 -0.04886921905584124 2.7336054486162955
0.022514747350726852 -0.04886921905584124 2.7336054486162964
0.02548180707911721 -0.04956735075663897 2.688052355139252
0.02426007660272118 -0.05218534463463046 2.603054820567124
0.02129301687433082 -0.05619960191421742 2.5009530593254565
0.018500490071139894 -0.05724679946541402 2.3875066579458175
0.014486232791552934 -0.05480333851262196 2.2670789395582007
0.010122909661567111 -0.0481710873550435 2.142986029741409
0.010122909661567111 -0.0481710873550435 2.142986029741409
0.0054105206811824215 -0.04101523742186676 2.0183695211490287
0.0054105206811824215 -0.04101523742186676 2.0183695211490287
-0.004886921905584123 -0.03263765701229397 1.7714054319918286
-0.004886921905584123 -0.03263765701229397 1.7714054319918286
-0.010821041362364843 -0.031241393610698498 1.6466143904742339
-0.014835298641951801 -0.031764992386296806 1.5230450794330372
-0.017976891295541596 -0.03281218993749341 1.4006974988682304
-0.02181661564992912 -0.034382986264288304 1.2792225829294235
-0.026354471705114377 -0.03717551306747924 1.1586203316166197
-0.026354471705114377 -0.03717551306747924 1.1586203316166197
-0.03159045946109736 -0.04049163864626845 1.0378435473786145
-0.03630284844148206 -0.043633231299858244 0.916717697290217
-0.03630284844148206 -0.043633231299858244 0.916717697290217
-0.040491638646268445 -0.04607669225265031 0.7962899789026141
-0.044331363000655974 -0.04502949470145372 0.6744659971134002
-0.044331363000655974 -0.04502949470145372 0.5788219541041137
-0.043807764225057666 -0.040840704496667324 0.5126739754535367
-0.05166174585903215 -0.031764992386296806 0.4809089830672265
-0.05166174585903215 -0.031764992386296806 0.4809089830672265
-0.06824237375297829 -0.013439035240356348 0.49225362320517607
-0.06824237375297829 -0.013439035240356348 0.49225362320517607
-0.06387905062299247 -0.014137166941154078 0.5034237304179364
-0.05253441048502932 -0.020245819323134226 0.516513699807886
-0.05253441048502932 -0.020245819323134226 0.5165136998078789
-0.03612831551628262 -0.029146998508305308 0.5283819387214423
-0.016929693744344994 -0.03909537524467299 0.5334433935522465
0.024609142453120045 -0.06091199089460211 0.538853914233425
0.024609142453120045 -0.06091199089460211 0.5388539142334274
0.04642575810304917 -0.07295476273336299 0.5405992434854152
0.06789330790257943 -0.08325220532012953 0.5444389678398036
0.0853466004225227 -0.08883725892651138 0.5470569617177838
0.0853466004225227 -0.08883725892651138 0.5470569617177815
0.09773843811168245 -0.08953539062730911 0.5484532251193932
0.10349802464326374 -0.08726646259971649 0.5501985543713852
0.10384709049366261 -0.08203047484373349 0.550722153146978
0.10384709049366261 -0.08203047484373349 0.5507221531469777
0.09913470151327791 -0.07557275661135449 0.5549109433517807
0.08028514559173916 -0.0640535835481919 0.5669537151905327
0.08028514559173916 -0.0640535835481919 0.5669537151905327
0.06632251157578452 -0.062133721370998145 0.5718406370961181
0.05096361415823442 -0.06108652381980154 0.5751567626748957
0.03595378259108319 -0.06091199089460211 0.5795200858048806
0.03595378259108319 -0.06091199089460211 0.5795200858048696
0.02303834612632515 -0.06021385919380438 0.5835343430844622
0.01117010721276371 -0.06021385919380438 0.5861523369624594
0.01117010721276371 -0.06021385919380438 0.5861523369624599
8.726646259971648E-4 -0.06126105674500098 0.5884212649900549
-0.007504915783575617 -0.06195918844579871 0.5905156600924435
-0.016057029118347832 -0.062133721370998145 0.5910392588680359
-0.02530727415391778 -0.06108652381980154 0.5906901930176507
-0.02530727415391778 -0.06108652381980154 0.5906901930176566
-0.03316125578789226 -0.05689773361501515 0.5908647259428386
-0.03892084231947355 -0.050614548307835565 0.5934827198208378
-0.04276056667386108 -0.043982297150257116 0.5957516478484224
-0.04276056667386108 -0.043982297150257116 0.5957516478484224
-0.04363323129985824 -0.03996803987067016 0.598195108801223
-0.040491638646268445 -0.03909537524467299 0.6004640368288217
-0.03420845333908886 -0.03926990816987243 0.602732964856411
-0.03420845333908886 -0.03926990816987243 0.602732964856411
-0.026878070480712675 -0.03979350694547072 0.6048273599587921
-0.018500490071139894 -0.03700098014227979 0.6407811425498781
-0.008377580409572781 -0.031590459461097384 0.7338071916811661
0.0027925268031909274 -0.02809980095710872 0.8469045272103893
0.0027925268031909274 -0.02809980095710872 0.846904527210387
0.011693705988362009 -0.027750735106709862 0.959478263964021
0.016755160819145562 -0.03455751918948774 1.0142816024766377
0.018500490071139894 -0.043982297150257116 1.0188194585318342
0.018500490071139894 -0.043982297150257116 1.0188194585318402
0.01780235837034216 -0.053058009260627634 1.0107909439726586
0.015184364492350668 -0.05794493116621175 1.0629762886072998
0.015184364492350668 -0.05794493116621175 1.0629762886073006
0.016755160819145562 -0.07120943348136866 1.1231901478011177
0.02199114857512855 -0.07819075048934598 1.1174305612695443
0.02199114857512855 -0.07819075048934598 1.1174305612695472
0.029670597283903602 -0.08395033702092726 1.108529382084364
0.03944444109507184 -0.08918632477691024 1.099977268749606
0.05061454830783556 -0.09145525280450288 1.0929959517416346
0.05969026041820607 -0.09005898940290741 1.0874108981352497
0.05969026041820607 -0.09005898940290741 1.0874108981352515
0.06387905062299247 -0.08482300164692443 1.082174910379266
0.06405358354819189 -0.07819075048934598 1.0797314494264614
0.061959188445798695 -0.07138396640656808 1.0783351860248835
0.05777039824101231 -0.06544984694978737 1.0786842518752846
0.052185344634630454 -0.06091199089460211 1.080778646977674
0.0460766922526503 -0.05881759579220892 1.0823494433044818
0.039968039870670144 -0.05777039824101232 1.0846183713320772
0.039968039870670144 -0.05777039824101232 1.0846183713320792
0.039968039870670144 -0.05777039824101232 1.0846183713320792
0.02600540585471551 -0.05846852994181005 1.0861891676588737
0.01884955592153876 -0.05969026041820608 1.0872363652100603
0.012391837689159739 -0.06126105674500098 1.0875854310604494
0.012391837689159739 -0.06126105674500098 1.087585431060447
0.005934119456780721 -0.061610122595399844 1.0877599639856417
0.0010471975511965976 -0.06021385919380438 1.0888071615368375
-0.0015707963267948964 -0.05864306286700948 1.08967982616285
-0.0015707963267948964 -0.05864306286700948 1.089679826162858
-0.005061454830783556 -0.05672320068981572 1.091774221265231
-0.005061454830783556 -0.05672320068981572 1.091774221265228
-0.005235987755982988 -0.055676003138619125 1.0931704846668193
-0.0041887902047863905 -0.054454272662223094 1.0952648797692277
-0.0029670597283903604 -0.05358160803622593 1.0964866102456068
-0.0029670597283903604 -0.05358160803622593 1.0964866102456043
-0.0012217304763960308 -0.053058009260627634 1.0978828736471935
0.0019198621771937625 -0.05270894341022876 1.099279137048793
0.005759586531581287 -0.05323254218582706 1.099279137048793
0.010471975511965976 -0.05393067388662479 1.099628202899182
0.014486232791552934 -0.05497787143782139 1.0999772687495828
0.017976891295541596 -0.056548667764616284 1.1013735321511895
0.02199114857512855 -0.05777039824101232 1.1025952626275894
0.025830872929516076 -0.05811946409141119 1.1036424601787815
0.025830872929516076 -0.05811946409141119 1.1036424601787815
0.029845130209103034 -0.05881759579220892 1.1045151248047862
0.033335788713091695 -0.058992128717408346 1.1052132565055819
0.033335788713091695 -0.058992128717408346 1.1052132565055823
0.03682644721708035 -0.05742133239061346 1.105911388206396
0.03682644721708035 -0.05742133239061346 1.105911388206399
0.03735004599267865 -0.05689773361501515 1.1059113882064073
0.03822271061867582 -0.056374134839416855 1.1060859211316039
0.03804817769347639 -0.05619960191421742 1.1066095199072181
0.03804817769347639 -0.05619960191421742 1.1066095199072217
0.03787364476827695 -0.05602506898901799 1.107656717458398
0.03787364476827695 -0.05602506898901799 1.107656717458398
0.03630284844148206 -0.05497787143782139 1.1087039150095928
0.031939525311496235 -0.052534410485029326 1.110100178411199
0.031939525311496235 -0.052534410485029326 1.1101001784112015
0.029670597283903602 -0.05288347633542819 1.1111473759623858
0.027401669256310976 -0.05358160803622593 1.1121945735135843
0.024609142453120045 -0.05410520681182423 1.11271817228918
0.024609142453120045 -0.05410520681182423 1.1127181722891724
0.021642082724729686 -0.05393067388662479 1.113241771064776
0.019547687622336492 -0.05323254218582706 1.114114435690775
0.01780235837034216 -0.051836278784231596 1.1155106990923693
0.016231562043547264 -0.0502654824574367 1.1170814954191544
0.014137166941154071 -0.05009094953223727 1.1181286929703553
0.014137166941154071 -0.05009094953223727 1.1181286929703553
0.011519173063162575 -0.05009094953223727 1.120048555147549
0.008203047484373348 -0.050440015382636136 1.1207466868483515
0.005585053606381855 -0.0502654824574367 1.1205721539231528
0.005585053606381855 -0.0502654824574367 1.1205721539231528
0.0024434609527920616 -0.04956735075663897 1.121444818549138
0.0024434609527920616 -0.04956735075663897 1.1214448185491366
8.726646259971648E-4 -0.050614548307835565 1.1210957526987406
0.0 -0.05166174585903217 1.1209212197735312
0.0 -0.05166174585903217 1.120921219773523
0.0 -0.05218534463463046 1.1202230880727375
0.0019198621771937625 -0.05410520681182423 1.120048555147524
0.003839724354387525 -0.05707226654021459 1.120397620997921
0.006108652381980153 -0.05934119456780722 1.1217938843995183
0.008552113334772215 -0.06126105674500098 1.1217938843995177
0.008552113334772215 -0.06126105674500098 1.1217938843995177
0.011693705988362009 -0.06248278722139701 1.1219684173247166
0.016231562043547264 -0.062308254296197574 1.122317483175131
0.022165681500327987 -0.06108652381980154 1.121444818549118
0.022165681500327987 -0.06108652381980154 1.1214448185491173
0.028623399732707003 -0.06038839211900381 1.1209212197735186
0.03508111796508602 -0.05934119456780722 1.122142950249906
0.041189770347066175 -0.05724679946541402 1.122841081950702
0.0460766922526503 -0.056548667764616284 1.122666549025494
0.0460766922526503 -0.056548667764616284 1.1226665490254928
0.04974188368183839 -0.055850536063818554 1.1230156148758907
0.052185344634630454 -0.05480333851262196 1.1235392136514875
0.05253441048502932 -0.05270894341022876 1.1244118782774915
0.05166174585903215 -0.050789081233034994 1.1256336087538754
0.049567350756638956 -0.04939281783143954 1.1259826746042776
0.049567350756638956 -0.04939281783143954 1.1259826746042774
0.04642575810304917 -0.04852015320544237 1.1287752014074648
0.04345869837465881 -0.04712388980384691 1.1312186623602651
0.039968039870670144 -0.046774823953448036 1.131393195285459
0.03665191429188092 -0.047298422729046344 1.1313931952854572
0.03665191429188092 -0.047298422729046344 1.1313931952854572
0.032812189937493394 -0.04782202150464464 1.132614925761854
0.029670597283903602 -0.04782202150464464 1.133836656238246
0.02652900463031381 -0.04782202150464464 1.1343602550138405
0.02652900463031381 -0.04782202150464464 1.1343602550138396
0.026354471705114377 -0.04712388980384691 1.1354074525650446
0.03316125578789226 -0.047996554429844074 1.1371527818170302
0.03804817769347639 -0.04852015320544237 1.157573134065359
0.040491638646268445 -0.050440015382636136 1.2221503163891503
0.039269908169872414 -0.05393067388662479 1.3115111740912622
0.039269908169872414 -0.05393067388662479 1.3115111740912622
0.03438298626428829 -0.05794493116621175 1.4160563962857258
0.02652900463031381 -0.06318091892219474 1.5302009293661532
0.016755160819145562 -0.06946410422937432 1.6501050489781655
0.016755160819145562 -0.06946410422937432 1.650105048978166
0.006806784082777886 -0.07539822368615504 1.7722780966177671
-0.0013962634015954637 -0.07958701389094144 1.8960219405841678
-0.006981317007977318 -0.08272860654453124 2.0195912516253736
-0.012042771838760872 -0.08517206749732328 2.1440332272925673
-0.012042771838760872 -0.08517206749732328 2.1440332272925677
-0.016755160819145562 -0.08691739674931762 2.2679516041841836
-0.020943951023931952 -0.08831366015091308 2.3613267191658722
-0.02757620218151041 -0.08779006137531478 2.4426590623088122
-0.03804817769347639 -0.09145525280450288 2.44213546353321
-0.03804817769347639 -0.09145525280450288 2.4421354635332095
-0.0460766922526503 -0.0968657734856853 2.4086251418948983
-0.050789081233034994 -0.09913470151327793 2.382270670189789
-0.05183627878423159 -0.09616764178488757 2.369006167874616
-0.05061454830783556 -0.09005898940290741 2.361501252091052
-0.05061454830783556 -0.09005898940290741 2.3615012520910525
-0.04782202150464463 -0.0815068760681352 2.359755922839047
-0.04485496177625427 -0.07103490055616922 2.3623739167170497
-0.04136430327226561 -0.05986479334340551 2.365864575221032
-0.03595378259108319 -0.051836278784231596 2.3679589703234387
-0.03595378259108319 -0.051836278784231596 2.3679589703234463
-0.026878070480712675 -0.04886921905584124 2.36778443739824
-0.026878070480712675 -0.04886921905584124 2.36778443739824
-0.006108652381980153 -0.050440015382636136 2.365690042295865
-0.006108652381980153 -0.050440015382636136 2.3656900422958675
0.013439035240356337 -0.055152404363020824 2.3613267191658744
0.013439035240356337 -0.055152404363020824 2.3613267191658744
0.025656340004316644 -0.05846852994181005 2.360628587465074
0.04485496177625427 -0.06283185307179587 2.362897515492689
0.04485496177625427 -0.06283185307179587 2.3628975154926914
0.05689773361501514 -0.06614797865058511 2.3648173776698806
0.04328416544945937 -0.06824237375297829 2.361326719165902
0.040317105721069016 -0.06998770300497262 2.3597559228390983
0.040317105721069016 -0.06998770300497262 2.3597559228390983
0.0486946861306418 -0.07592182246175334 2.5063635800066177
0.0486946861306418 -0.07592182246175334 2.5063635800066177
0.05044001538263613 -0.07853981633974484 2.614748526555455
0.05009094953223726 -0.08220500776893294 2.7313365205886795
0.05009094953223726 -0.08220500776893294 2.7313365205886795
0.046251225177849735 -0.08552113334772216 2.8519387719014886
0.03647738136668149 -0.0867428638241182 2.9748099512418937
0.009075712110370514 -0.08011061266653974 -3.104695432229958
0.009075712110370514 -0.08011061266653974 -3.104695432229958
-0.004014257279586958 -0.07382742735936015 -3.0500666266425367
-0.015533430342749533 -0.0687659725285766 -3.0170799037798437
-0.024783675378319478 -0.06632251157578453 -2.991947162551125
-0.024783675378319478 -0.06632251157578453 -2.991947162551125
-0.027925268031909273 -0.05969026041820608 -2.8924633951874474
-0.028623399732707003 -0.05532693728822026 -2.7727338085006377
-0.0291469985083053 -0.05427973973702366 -2.646895569431857
-0.0307177948351002 -0.05427973973702366 -2.520184665737051
-0.034557519189487726 -0.055152404363020824 -2.3941718937430587
-0.034557519189487726 -0.055152404363020824 -2.3941718937430587
-0.045553093477052 -0.05358160803622593 -2.2632721998434895
-0.061261056745000965 -0.055676003138619125 -2.185255982279347
-0.061261056745000965 -0.055676003138619125 -2.185255982279347
-0.08482300164692443 -0.07574728953655391 -2.157330714247433
-0.08621926504851989 -0.0830776723949301 -2.1644865641806157
-0.08621926504851989 -0.0830776723949301 -2.164486564180618
-0.07819075048934597 -0.0809832772925369 -2.172864144590188
-0.06405358354819189 -0.07278022980816355 -2.172864144590188
-0.06405358354819189 -0.07278022980816355 -2.1835106530273505
-0.046251225177849735 -0.06475171524898964 -2.1908410358857435
-0.026703537555513242 -0.05707226654021459 -2.192935430988145
-0.007853981633974483 -0.0502654824574367 -2.1931099639133493
-0.007853981633974483 -0.0502654824574367 -2.1931099639133538
0.009075712110370514 -0.04886921905584124 -2.2337761354848102
0.024783675378319478 -0.049043751981040676 -2.301145844611794
0.03892084231947355 -0.04520402762665315 -2.3227879273365044
0.05235987755982989 -0.041538836197465054 -2.3046365031157814
0.06544984694978735 -0.04241150082346222 -2.285961480119422
0.07382742735936015 -0.043284165449459386 -2.272347911953869
0.07923794804054256 -0.04310963252425995 -2.26274860106792
0.07871434926494426 -0.04136430327226562 -2.2610032718159205
0.0736528944341607 -0.040142572795869594 -2.2646684632451013
0.0635299847725936 -0.04101523742186676 -2.267984588823897
0.05166174585903215 -0.04101523742186676 -2.2210352319452533
0.03735004599267865 -0.04031710572106903 -2.158552444723851
0.03735004599267865 -0.04031710572106903 -2.1585524447238504
0.023387411976724018 -0.04206243497306335 -2.129230913290345
0.010995574287564275 -0.04433136300065599 -2.111079489069617
0.010995574287564275 -0.04433136300065599 -2.1110794890696196
-0.016755160819145562 -0.04450589592585541 -2.1081124293412232
-0.016755160819145562 -0.04450589592585541 -2.1081124293412232
-0.0291469985083053 -0.042586033748661656 -2.113348417097191
-0.039095375244672985 -0.0396189740202713 -2.118758937778397
-0.04729842272904633 -0.03543018381548489 -2.120678799955572
-0.04729842272904633 -0.03543018381548489 -2.120678799955571
-0.05375614096142535 -0.03193952531149624 -2.120678799955569
-0.059166661642607775 -0.030019663134302488 -2.118584404853163
-0.06335545184739416 -0.028448866807507592 -2.117886273152364
-0.0661479786505851 -0.029146998508305308 -2.118584404853154
-0.06771877497737998 -0.030019663134302488 -2.1205042670303547
-0.06771877497737998 -0.030019663134302488 -2.120504267030361
-0.06771877497737998 -0.029845130209103038 -2.1225986621327424
-0.06527531402458793 -0.030543261909900768 -2.124169458459524
-0.061261056745000965 -0.033510321638291124 -2.12521665601073
-0.05689773361501514 -0.03665191429188093 -2.12521665601073
-0.05689773361501514 -0.03665191429188093 -2.12521665601073
-0.053407075111026485 -0.04031710572106903 -2.1257402547863444
-0.04834562028024293 -0.04433136300065599 -2.125914787711542
-0.04834562028024293 -0.04433136300065599 -2.125914787711544
-0.045553093477052 -0.04537856055185258 -2.124693057235135
-0.04206243497306335 -0.04694935687864748 -2.125914787711542
-0.03735004599267865 -0.04782202150464464 -2.1281837157391212
-0.0307177948351002 -0.0481710873550435 -2.1283582486643287
-0.02076941809873252 -0.048694686130641804 -2.1264383864871217
-0.02076941809873252 -0.048694686130641804 -2.1264383864871217
-0.008377580409572781 -0.050614548307835565 -2.124169458459515
0.004886921905584123 -0.053756140961425364 -2.122075063357123
0.016929693744344994 -0.05777039824101232 -2.120853332880736
0.027401669256310976 -0.06073745796940268 -2.1208533328807366
0.027401669256310976 -0.06073745796940268 -2.1208533328807366
0.03892084231947355 -0.06195918844579871 -2.1219005304319234
0.05096361415823442 -0.06108652381980154 -2.1239949255343102
0.06387905062299247 -0.05864306286700948 -2.126438386487109
0.06387905062299247 -0.05864306286700948 -2.1264383864871093
0.07452555906015787 -0.05550147021341969 -2.1280091828139174
0.08220500776893293 -0.053058009260627634 -2.128707314514703
0.08429940287132612 -0.050614548307835565 -2.128183715739103
0.08098327729253689 -0.04834562028024294 -2.1285327815894965
0.07382742735936015 -0.046774823953448036 -2.1297545120658916
0.07382742735936015 -0.046774823953448036 -2.1297545120658903
0.06370451769779303 -0.04415683007545655 -2.1302781108414957
0.050789081233034994 -0.04310963252425995 -2.129579979140696
0.050789081233034994 -0.04310963252425995 -2.129579979140698
0.03665191429188092 -0.041538836197465054 -2.1278346498887037
0.02234021442552742 -0.03926990816987243 -2.125391188935911
0.00942477796076938 -0.03717551306747924 -2.12451852430991
-0.0019198621771937625 -0.036128315516282636 -2.1245185243099094
-0.011519173063162575 -0.035081117965086034 -2.1239949255343014
-0.019896753472735354 -0.0349065850398866 -2.1220750633571117
-0.027227136331111543 -0.03630284844148206 -2.121027865805904
-0.033510321638291124 -0.03787364476827697 -2.1220750633571113
-0.033510321638291124 -0.03787364476827697 -2.1220750633571113
-0.03769911184307752 -0.0385717764690747 -2.1234713267587
-0.04136430327226561 -0.03804817769347639 -2.124518524309904
-0.04485496177625427 -0.03787364476827697 -2.126263853561886
-0.04642575810304917 -0.03647738136668151 -2.127311051113087
-0.03665191429188092 -0.0359537825910832 -2.125216656010714
-0.03665191429188092 -0.0359537825910832 -2.1252166560107177
-0.019896753472735354 -0.03735004599267866 -2.1206787999555115
-0.0054105206811824215 -0.04031710572106903 -2.115617345124731
-0.0054105206811824215 -0.04031710572106903 -2.115617345124731
-0.008028514559173916 -0.04118977034706618 -2.1149192134239154
-0.012042771838760872 -0.04101523742186676 -2.1205042670303107
-0.012042771838760872 -0.04101523742186676 -2.120504267030311
-0.014311699866353502 -0.040840704496667324 -2.1271365181878803
-0.012217304763960306 -0.04276056667386108 -2.1328961047194617
-0.006283185307179586 -0.04433136300065599 -2.1370848949242505
0.004363323129985824 -0.04450589592585541 -2.1391792900266413
0.004363323129985824 -0.04450589592585541 -2.1391792900266413
0.017976891295541596 -0.04433136300065599 -2.1421463497550266
0.030892327760299633 -0.043982297150257116 -2.147207804585824
0.04223696789826278 -0.04433136300065599 -2.1526183252669937
0.04223696789826278 -0.04433136300065599 -2.1526183252669937
0.05009094953223726 -0.04485496177625428 -2.158552444723785
0.054105206811824215 -0.04502949470145372 -2.1660573605073576
0.054628805587422516 -0.04590215932745088 -2.1737368092161176
0.052185344634630454 -0.04712388980384691 -2.1777510664956887
0.052185344634630454 -0.04712388980384691 -2.177751066495686
0.041713369122664476 -0.050440015382636136 -2.1829870542516847
0.033510321638291124 -0.0513126800086333 -2.1850814493540747
0.033510321638291124 -0.0513126800086333 -2.1850814493540747
0.024085543677521744 -0.051138147083433866 -2.1873503773816734
0.008377580409572781 -0.04852015320544237 -2.1870013115312656
0.008377580409572781 -0.04852015320544237 -2.1870013115312656
0.003839724354387525 -0.04939281783143954 -2.18630317983047
-1.7453292519943296E-4 -0.049043751981040676 -2.1854305152044615
-1.7453292519943296E-4 -0.049043751981040676 -2.1854305152044615
-0.003490658503988659 -0.04712388980384691 -2.1859541139800536
-0.005934119456780721 -0.04537856055185258 -2.1868267786060613
-0.005934119456780721 -0.04537856055185258 -2.1868267786060613
-0.00890117918517108 -0.04572762640225145 -2.1890957066336405
-0.00890117918517108 -0.04572762640225145 -2.1890957066336405
-0.010122909661567111 -0.04625122517784974 -2.189619305409234
-0.010122909661567111 -0.04625122517784974 -2.189619305409234
-0.010471975511965976 -0.04834562028024294 -2.1894447724840362
-0.010471975511965976 -0.04834562028024294 -2.1894447724840362
-0.012566370614359171 -0.04764748857944521 -2.185605048129641
-0.012566370614359171 -0.04764748857944521 -2.185605048129641
-0.013439035240356337 -0.04834562028024294 -2.184034251802846
-0.013439035240356337 -0.04834562028024294 -2.184034251802846
-0.012740903539558606 -0.04834562028024294 -2.183510653027243
-0.010995574287564275 -0.047298422729046344 -2.1824634554760545
-0.010995574287564275 -0.047298422729046344 -2.1824634554760545
-0.00767944870877505 -0.04572762640225145 -2.1812417249996674
-0.00767944870877505 -0.04572762640225145 -2.181241724999677
-0.00767944870877505 -0.04572762640225145 -2.181241724999677
-0.0020943951023931952 -0.04537856055185258 -2.1777510664956767
0.003665191429188092 -0.04433136300065599 -2.1747840067673017
0.003665191429188092 -0.04433136300065599 -2.1747840067673017
0.004363323129985824 -0.04502949470145372 -2.176354803094088
0.004363323129985824 -0.04502949470145372 -2.176354803094088
0.004363323129985824 -0.04502949470145372 -2.176354803094088
0.004014257279586958 -0.04625122517784974 -2.1758312043184986
0.004014257279586958 -0.04625122517784974 -2.1758312043184986
0.002617993877991494 -0.04572762640225145 -2.175307605542915
0.0015707963267948964 -0.04485496177625428 -2.1749585396925024
0.0017453292519943296 -0.043982297150257116 -2.1737368092161056
0.0017453292519943296 -0.043982297150257116 -2.1737368092161056
0.0013962634015954637 -0.04310963252425995 -2.1723405458145137
3.4906585039886593E-4 -0.04241150082346222 -2.171467881188512
3.4906585039886593E-4 -0.04241150082346222 -2.171467881188512
-3.4906585039886593E-4 -0.043982297150257116 -2.1700716177869013
3.4906585039886593E-4 -0.04450589592585541 -2.168675354385305
3.4906585039886593E-4 -0.04450589592585541 -2.168675354385305
3.4906585039886593E-4 -0.04450589592585541 -2.168675354385305
0.004537856055185257 -0.042236967898262784 -2.1655337617317287
0.004537856055185257 -0.042236967898262784 -2.1655337617317287
0.008552113334772215 -0.04206243497306335 -2.1606468398261347
0.008552113334772215 -0.04206243497306335 -2.160646839826127
0.008552113334772215 -0.04206243497306335 -2.160646839826127
0.01064650843716541 -0.04450589592585541 -2.1533164569677474
0.010821041362364843 -0.04590215932745088 -2.150523930164562
0.010821041362364843 -0.04590215932745088 -2.150523930164562
0.010995574287564275 -0.04694935687864748 -2.147033271660576
0.012042771838760872 -0.047996554429844074 -2.1452879424085807
0.012042771838760872 -0.047996554429844074 -2.1452879424085807
0.012042771838760872 -0.047996554429844074 -2.1452879424085807
0.012740903539558606 -0.049218284906240105 -2.1505239301645642
0.011344640137963142 -0.04764748857944521 -2.1543636545189444
0.011344640137963142 -0.04764748857944521 -2.1543636545189444
0.011344640137963142 -0.04764748857944521 -2.1543636545189444
0.0015707963267948964 -0.04380776422505768 -2.1529673911173424
0.0015707963267948964 -0.04380776422505768 -2.1529673911173424
0.0015707963267948964 -0.04380776422505768 -2.1529673911173424
0.01972222054753592 -0.049916416607037835 -2.142953511424949
0.01832595714594046 -0.04625122517784974 -2.132382677909294
0.01832595714594046 -0.04625122517784974 -2.131983805860126
0.0054105206811824215 -0.044680428851054846 -2.1231102543262663
-0.02757620218151041 -0.042586033748661656 -2.1141855444125257
-0.028623399732707003 -0.04171336912266449 -2.111390384869015
-0.028623399732707003 -0.04171336912266449 -2.1103441650634056
-0.014835298641951801 -0.042586033748661656 -2.1131906952499517
0.0027925268031909274 -0.042935099599060514 -2.115308334782042
0.0027925268031909274 -0.042935099599060514 -2.115308334782042
0.012217304763960306 -0.041887902047863926 -2.115407304252379
0.013613568165555772 -0.04171336912266449 -2.1188074722659707
0.011519173063162575 -0.042586033748661656 -2.123600494227655
0.003490658503988659 -0.04555309347705201 -2.1291458106907855
-0.009599310885968814 -0.04433136300065599 -2.1349092917461365
-0.009599310885968814 -0.04433136300065599 -2.133926430735606
-0.016755160819145562 -0.03909537524467299 -2.1381889731137793
-0.013439035240356337 -0.0349065850398866 -2.1417993744901227
-0.0066322511575784525 -0.032463124087094536 -2.146877980943359
-0.0066322511575784525 -0.032463124087094536 -2.146874945392143
-0.0029670597283903604 -0.033510321638291124 -2.14991740560715
3.4906585039886593E-4 -0.04310963252425995 -2.1519168376402655
3.4906585039886593E-4 -0.04310963252425995 -2.1519168376402655
-0.0022689280275926286 -0.04502949470145372 -2.151587243770204
-0.01117010721276371 -0.044680428851054846 -2.153337090149371
-0.016231562043547264 -0.04415683007545655 -2.1569368445796018
-0.014311699866353502 -0.044680428851054846 -2.162618710057644
-0.004537856055185257 -0.04415683007545655 -2.165921649425763
0.004363323129985824 -0.041538836197465054 -2.169690381638468
0.009948376736367677 -0.03787364476827697 -2.1735109309830944
0.009948376736367677 -0.03787364476827697 -2.1719706392234377
0.009948376736367677 -0.036826447217080366 -2.1751412017149088
0.009948376736367677 -0.036826447217080366 -2.1751412017149088
0.004886921905584123 -0.038222710618675826 -2.174777942018837
0.0022689280275926286 -0.041887902047863926 -2.171635458029983
0.004886921905584123 -0.049218284906240105 -2.1700516357593616
0.005585053606381855 -0.06038839211900381 -2.163295255674137
0.0024434609527920616 -0.07347836150896128 -2.155082703001776
0.0024434609527920616 -0.07347836150896128 -2.155082703001776
-0.0024434609527920616 -0.07312929565856241 -2.1484931964239378
-0.003665191429188092 -0.055152404363020824 -2.146780441571742
6.981317007977319E-4 -0.03473205211468716 -2.149987171667801
0.008203047484373348 -0.026005405854715516 -2.1546434532388425
0.008203047484373348 -0.026005405854715516 -2.1545063711194166
0.007330382858376184 -0.04136430327226562 -2.165623444201438
0.007330382858376184 -0.04136430327226562 -2.1648647536387915
0.0017453292519943296 -0.049916416607037835 -2.1700767324346764
0.0017453292519943296 -0.049916416607037835 -2.1700767324346764
-0.004537856055185257 -0.05427973973702366 -2.1726358260567826
-0.010995574287564275 -0.05410520681182423 -2.174423121464081
-0.009250245035569947 -0.050789081233034994 -2.1707321322217292
0.0054105206811824215 -0.04590215932745088 -2.1704306477483817
0.020594885173533087 -0.04241150082346222 -2.169698861165007
0.02199114857512855 -0.04241150082346222 -2.167064067874785
0.02199114857512855 -0.04241150082346222 -2.167064067874785
0.009948376736367677 -0.04660029102824861 -2.1630757832269603
8.726646259971648E-4 -0.056548667764616284 -2.1577398890541484
8.726646259971648E-4 -0.056548667764616284 -2.1577398890541484
-8.726646259971648E-4 -0.06422811647339133 -2.150784137973652
-1.7453292519943296E-4 -0.06789330790257944 -2.1435238250367927
-0.0013962634015954637 -0.06754424205218057 -2.138328123724437
