0.0 0.0 9.113529791046977E-4
0.032991234213113785 0.008797071874141693 0.7908890411111227
0.03300927206873894 0.008923202753067017 0.7923478173081752
0.032831449061632156 0.008951332420110703 0.7942759428537491
0.032831449061632156 0.008951332420110703 0.7942759428537491
0.032370638102293015 0.008873697370290756 0.7979072710753446
0.032370638102293015 0.008873697370290756 0.7979072710753446
0.032370638102293015 0.008873697370290756 0.7979072710753446
0.032370638102293015 0.008873697370290756 0.7979072710753446
0.032370638102293015 0.008873697370290756 0.7979072710753446
0.032040782272815704 0.008795388042926788 0.8002311369658333
0.03185947611927986 0.0086856409907341 0.800412787922802
0.03185947611927986 0.0086856409907341 0.800412787922802
0.03185947611927986 0.0086856409907341 0.800412787922802
0.03185947611927986 0.0086856409907341 0.800412787922802
0.03141842782497406 0.008234359323978424 0.804304315575558
0.03141842782497406 0.008234359323978424 0.804304315575558
0.031467340886592865 0.008072927594184875 0.8052785886752912
0.031467340886592865 0.008072927594184875 0.8052785886752912
0.031467340886592865 0.008072927594184875 0.8052785886752912
0.031467340886592865 0.008072927594184875 0.8052785886752912
0.031467340886592865 0.008072927594184875 0.8052785886752912
0.03212272375822067 0.007827501744031906 0.8112474156259806
0.03212272375822067 0.007827501744031906 0.8112474156259806
0.03212272375822067 0.007827501744031906 0.8112474156259806
0.03212272375822067 0.007827501744031906 0.8112474156259806
0.03212272375822067 0.007827501744031906 0.8112474156259806
0.032774027436971664 0.008157249540090561 0.8123536831972356
0.032774027436971664 0.008157249540090561 0.8123536831972356
0.032774027436971664 0.008157249540090561 0.8123536831972356
0.032774027436971664 0.008157249540090561 0.8123536831972356
0.032774027436971664 0.008157249540090561 0.8123536831972356
0.032774027436971664 0.008157249540090561 0.8123536831972356
0.03350718319416046 0.008436132222414017 0.8148382274168051
0.033528540283441544 0.008457258343696594 0.8154765989661994
0.033528540283441544 0.008457258343696594 0.8154765989661994
0.033528540283441544 0.008457258343696594 0.8154765989661994
0.033528540283441544 0.008457258343696594 0.8154765989661994
0.033528540283441544 0.008457258343696594 0.8154765989661994
0.03359045460820198 0.008822448551654816 0.8170622390365032
0.03359045460820198 0.008822448551654816 0.8170622390365032
0.03359045460820198 0.008822448551654816 0.8170622390365032
0.018182246014475822 0.006424862891435623 0.8210269913441043
0.018182246014475822 0.006424862891435623 0.8210269913441043
5.4959673434495926E-5 -0.0026433616876602173 0.8071500763660813
-0.016599154099822044 -0.01638462021946907 0.6994796501055417
0.010870378464460373 -3.3602863550186157E-4 0.592967293284486
0.013309665024280548 -0.0021805427968502045 0.593015403802129
0.014832491986453533 -0.005718022584915161 0.5981179190227675
0.014832491986453533 -0.005718022584915161 0.5981179190227675
0.007861650548875332 -0.01024610921740532 0.5964429265087361
0.002006698865443468 -0.012687835842370987 0.5935436931601541
-0.0026792280841618776 -0.01434938982129097 0.5919685212126684
-0.0026792280841618776 -0.01434938982129097 0.5919685212126684
-0.011757105588912964 -0.017390135675668716 0.589829668139566
-0.017412859946489334 -0.01908734068274498 0.5887502876273156
-0.032448314130306244 -0.02251465991139412 0.5877131198263575
-0.04070381447672844 -0.023887109011411667 0.5864542615062793
-0.044914595782756805 -0.024220746010541916 0.5863160979396742
-0.04844251647591591 -0.024218302220106125 0.5861343633777616
-0.05268137529492378 -0.02134186401963234 0.5977206718570733
-0.05688902735710144 -0.0084049291908741 0.6719321954939866
-0.06204400211572647 0.013263430446386337 0.764938868958323
-0.06204400211572647 0.013263430446386337 0.8050807494705512
-0.059401147067546844 0.034581102430820465 0.9852224964683834
-0.050009604543447495 0.0433909073472023 1.1313098449295262
-0.04624621570110321 0.04602757468819618 1.1801418293302786
-0.04001474007964134 0.04999829828739166 1.2563083399122412
-0.022489363327622414 0.05708818882703781 1.435428659507664
4.4073653407394886E-4 0.05690811946988106 1.6782390860352587
0.004076791927218437 0.05518774688243866 1.7306691495213562
0.00885646790266037 0.05031397193670273 1.8221925882134538
0.01104874350130558 0.04552961140871048 1.8850556997094188
0.01242765597999096 0.038065776228904724 1.9640236285958428
0.011946305632591248 0.023913003504276276 2.094352647180507
0.011946305632591248 0.023913003504276276 2.094352647180507
0.011946305632591248 0.023913003504276276 2.094352647180507
0.009238582104444504 0.011511392891407013 2.21759693456577
0.007292280904948711 0.005763940513134003 2.293274091014132
0.005428236443549395 0.0011902563273906708 2.370564864405858
-0.0024224042426794767 -0.0013724155724048615 2.6343043181244554
-0.003975685685873032 0.0019546672701835632 2.762304104458339
-0.003551591420546174 0.0038461685180664062 2.820358909260294
-2.1575717255473137E-5 0.00713120773434639 2.9091633926739813
0.014477062970399857 0.015469115227460861 3.0387044321408445
0.0222408976405859 0.020520612597465515 3.0609705816617168
0.0251919012516737 0.022764168679714203 3.0628050976374457
0.03167112171649933 0.02796945348381996 3.06982992203314
0.03167112171649933 0.02796945348381996 3.06982992203314
0.03554534912109375 0.03102344460785389 3.0659904292352893
0.03554534912109375 0.03102344460785389 3.0659904292352893
0.0339178740978241 0.03027481958270073 3.0484111401428087
0.03197234869003296 0.02846684493124485 3.0287101675127537
0.029393227770924568 0.02172086015343666 2.9820072461134006
0.029393227770924568 0.02172086015343666 2.9820072461134006
0.029393227770924568 0.02172086015343666 2.9820072461134006
0.031075159087777138 0.01075761392712593 2.9391925145155
0.03507062420248985 0.007706437259912491 2.9354548678623824
0.03507062420248985 0.007706437259912491 2.9354548678623824
0.03507062420248985 0.007706437259912491 2.9354548678623824
0.04249829798936844 0.0032097846269607544 2.9333818870139243
0.04249829798936844 0.0032097846269607544 2.9333818870139243
0.048254452645778656 -7.923617959022522E-4 2.9296644645285754
0.05112369358539581 -0.0034010186791419983 2.9248438792777214
0.05112369358539581 -0.0034010186791419983 2.9251577842600187
0.0512966513633728 -0.0039660073816776276 2.9217878181360226
0.05053288862109184 -0.003991212695837021 2.9192971784494413
0.04838104918599129 -0.004132211208343506 2.9153853256128404
0.04643898457288742 -0.004430506378412247 2.912697156133463
0.04304672032594681 -0.005176939070224762 2.9089167911432305
0.03461388498544693 -0.006666891276836395 2.9021752309660633
0.018431009724736214 -0.008526023477315903 2.9029249966510977
0.015261806547641754 -0.00934896245598793 2.9048380673298047
0.019249843433499336 -0.009736355394124985 2.9110407650837122
0.02218458615243435 -0.009759191423654556 2.9137288153537844
0.03421283885836601 -0.012000534683465958 2.927735072410984
0.03579746186733246 -0.01620650663971901 2.92567794705687
0.03635343164205551 -0.01850752905011177 2.920990930368648
0.03783727437257767 -0.02109123393893242 2.9143167598745707
0.04285399243235588 -0.01988585665822029 2.9114235504171635
0.04285399243235588 -0.01988585665822029 2.9114235504171635
0.04726991429924965 -0.017332855612039566 2.9094539067800436
0.05020783841609955 -0.014978509396314621 2.909018257783486
0.05435807257890701 -0.010862451046705246 2.9082408940063256
0.05722348019480705 -0.007528211921453476 2.9077439104781853
0.05880974605679512 -0.005298830568790436 2.907143214868136
0.06043282151222229 -0.0023100152611732483 2.906421998666358
0.0610840879380703 -3.334358334541321E-4 2.907410735723549
0.06156889349222183 0.0021011605858802795 2.9059365458017714
0.06081733480095863 0.0041399262845516205 2.9059868393144597
0.06005258485674858 0.004111636430025101 2.9060040054521563
0.06005258485674858 0.004111636430025101 2.9060040054521563
0.05291103944182396 -7.603615522384644E-4 2.9041737852296814
0.0507916621863842 -0.002411525696516037 2.9034503742472535
0.0507916621863842 -0.002411525696516037 2.9034503742472535
0.04457974061369896 -0.007317334413528442 2.9008227630869827
0.039882078766822815 -0.009151507169008255 2.8993645950572
0.039882078766822815 -0.009151507169008255 2.8993645950572
0.03641200438141823 -0.00991680845618248 2.8984437032954227
0.030406035482883453 -0.010538090020418167 2.8989716529723206
0.022607222199440002 -0.010128702968358994 2.8988151038067156
0.018198562785983086 -0.00960518792271614 2.898904510773888
0.007771442644298077 -0.007545460015535355 2.899459668435326
0.007771442644298077 -0.007545460015535355 2.899459668435326
0.001523149898275733 -0.006497051566839218 2.8997303927318905
-0.00586083997040987 -0.005900222808122635 2.899053941673916
-0.008420728147029877 -0.005819443613290787 2.8981421845131017
-0.01683676987886429 -0.005444623529911041 2.89601751734544
-0.022153815254569054 -0.005593452602624893 2.89394124914933
-0.025026235729455948 -0.005940619856119156 2.8932099001579386
-0.026293640956282616 -0.006282694637775421 2.8920745508842605
-0.026306292042136192 -0.006419852375984192 2.8910290854149037
-0.026306292042136192 -0.006419852375984192 2.8913316658177153
-0.026338135823607445 -0.00653713196516037 2.890659349159165
-0.02590543031692505 -0.006927270442247391 2.8901310135878737
-0.023976104333996773 -0.007877703756093979 2.889970319465557
-0.021875591948628426 -0.00897635892033577 2.890127198890614
-0.02076992578804493 -0.009793978184461594 2.8894338614177566
-0.019142571836709976 -0.011035721749067307 2.8898743597323144
-0.01811411790549755 -0.011706512421369553 2.8897505012804685
-0.016676634550094604 -0.012735430151224136 2.8893007246310063
-0.016676634550094604 -0.012735430151224136 2.8893007246310063
-0.014009809121489525 -0.014189567416906357 2.889087578421287
-0.013068174943327904 -0.014728475362062454 2.890077212479335
-0.012723146006464958 -0.014770593494176865 2.890434751865437
-0.012723146006464958 -0.014770593494176865 2.890434751865437
-0.012737266719341278 -0.013547342270612717 2.8972135881157426
-0.013883981853723526 -0.009663093835115433 2.926984320041711
-0.014748703688383102 -0.00527597963809967 2.958877215740256
-0.014861613512039185 -4.4208019971847534E-5 2.993812690136003
-0.01390540786087513 0.002428937703371048 3.008212841084545
-0.01390540786087513 0.002428937703371048 3.008212841084545
-0.011154119856655598 0.005590599030256271 3.0235760574846915
0.0032869584392756224 0.007899578660726547 3.036157763531752
0.006787841208279133 0.007236860692501068 3.0342388515978547
0.013922271318733692 0.004771322011947632 3.0296615725069675
0.02046813815832138 0.0016396977007389069 3.025898367398535
0.025120330974459648 -8.283667266368866E-4 3.023015057604151
0.03151680901646614 -0.004239112138748169 3.0201074238227155
0.034907061606645584 -0.006065964698791504 3.019634878198936
0.034907061606645584 -0.006065964698791504 3.019634878198936
0.03919200599193573 -0.01174168661236763 3.0180244799063973
0.0316009521484375 -0.01502949371933937 3.0167093308352095
0.022850757464766502 -0.014104779809713364 3.0146850566297676
0.022850757464766502 -0.014104779809713364 3.0146850566297676
0.016125863417983055 -0.012754227966070175 3.014289281788459
0.012234159745275974 -0.012094687670469284 3.0142443398862975
0.0026633329689502716 -0.012399997562170029 3.014275691929447
0.0026633329689502716 -0.012399997562170029 3.014711163464182
-0.0030921895522624254 -0.013133283704519272 3.0144246335935874
-0.01386566273868084 -0.013337310403585434 3.0157027803356145
-0.025423230603337288 -0.011603128165006638 3.0145614705974504
-0.028698699548840523 -0.010977361351251602 3.0142034851009294
-0.024061275646090508 -0.009266991168260574 3.0136923156673348
-0.02021152712404728 -0.008422944694757462 3.0131881795818227
9.365598671138287E-4 -0.005095008760690689 3.0110373617047275
0.009241090156137943 -0.004321664571762085 3.0104248786822576
0.009241090156137943 -0.004321664571762085 3.0104248786822576
0.021689336746931076 -0.003288593143224716 3.0096464420214923
0.023533117026090622 -0.003167487680912018 3.0096886421099867
0.029733672738075256 -0.002129118889570236 3.0123522711481137
0.03122885338962078 -0.0021749548614025116 3.0140182793916583
0.032036587595939636 -0.002119399607181549 3.013932091075313
0.032036587595939636 -0.002119399607181549 3.013932091075313
0.03414881229400635 -0.0016050748527050018 3.0117664159120445
0.03414881229400635 -0.0016050748527050018 3.0117664159120445
0.03350897505879402 7.916577160358429E-4 3.0120716568396233
0.03350897505879402 7.916577160358429E-4 3.0120716568396233
0.030346611514687538 0.0014008469879627228 3.0122098204062127
0.020927326753735542 0.0030317939817905426 3.0119635340139985
0.005723096430301666 0.005215134471654892 3.0093126770422556
0.005723096430301666 0.005215134471654892 3.0093126770422556
-2.099925186485052E-4 0.006055280566215515 3.009432243959674
-0.009330764412879944 0.00741095095872879 3.0083728179068623
-0.018120290711522102 0.007863372564315796 3.008857466459691
-0.02346567064523697 0.007931150496006012 3.0086840169433904
-0.03011934645473957 0.008014578372240067 3.008309342146334
-0.03011934645473957 0.008014578372240067 3.008309342146334
-0.03996032848954201 0.007558755576610565 3.0075813310150465
-0.0458373948931694 0.0070955753326416016 3.0084182497948495
-0.050980065017938614 0.0065810419619083405 3.008865460056424
-0.053645163774490356 0.006369702517986298 3.009228094715234
-0.053645163774490356 0.006369702517986298 3.009228094715234
-0.05638722702860832 0.005543183535337448 3.009477480548979
-0.05494043603539467 0.005072101950645447 3.0097424827996457
-0.05266634002327919 0.004703402519226074 3.0098767528832986
-0.05266634002327919 0.004703402519226074 3.0100372795276384
-0.048050299286842346 0.0037681907415390015 3.0103474345251735
-0.04197894036769867 0.0025851838290691376 3.010510393623984
-0.03535579890012741 0.001253269612789154 3.010533043389
-0.02278072200715542 -4.6968087553977966E-4 3.0099231686636627
-0.02278072200715542 -4.6968087553977966E-4 3.0099231686636627
-0.015474578365683556 -0.0012355707585811615 3.009700472092321
-0.01097155548632145 -0.0014588050544261932 3.0090429066734536
-0.004913924261927605 -0.001548081636428833 3.0088471650200153
-0.0012873138766735792 -0.0015721619129180908 3.008884477527639
0.00327010708861053 -0.0019023306667804718 3.0083038090782406
0.00327010708861053 -0.0019023306667804718 3.0083038090782406
0.00687803328037262 -0.0021243877708911896 3.007909975004157
0.008785111829638481 -0.0021261684596538544 3.0074999344545965
0.010733947157859802 -0.001958414912223816 3.007491351385748
0.014583121053874493 -0.0017852820456027985 3.008150340338386
0.014583121053874493 -0.0017852820456027985 3.008150340338386
0.017744440585374832 -0.0017441250383853912 3.009466053267161
0.01991713047027588 -0.0016713030636310577 3.009820248463002
0.0235030185431242 -0.0012874677777290344 3.0103807780474208
0.025938138365745544 -7.808059453964233E-4 3.010773811075068
0.025938138365745544 -7.808059453964233E-4 3.010773811075068
0.03327684476971626 9.84150916337967E-4 3.010964307519774
0.037631407380104065 0.0019077025353908539 3.0103056761950056
0.039904311299324036 0.0026501603424549103 3.0100009772509084
0.042230162769556046 0.0035805292427539825 3.008428718186757
0.04331864044070244 0.004043344408273697 3.0083834262813434
0.04330557584762573 0.004382222890853882 3.008283767315274
0.04240535572171211 0.0043257251381874084 3.008410367580773
0.038004230707883835 0.003915850073099136 3.0077545972789577
0.038004230707883835 0.003915850073099136 3.008048097751585
0.015562393702566624 0.004556581377983093 3.0055671738335255
0.009936165064573288 0.00514979287981987 3.0049960421272917
-0.005593063309788704 0.006466887891292572 3.0032865809151317
-0.01581615023314953 0.006773464381694794 3.003116469258946
-0.0305535439401865 0.006593368947505951 3.0044351624199517
-0.05363582819700241 0.004517201334238052 3.0066274538503652
-0.05363582819700241 0.004517201334238052 3.0066274538503652
-0.07052549719810486 0.0018694214522838593 3.0085206165777225
-0.07927148789167404 -0.001694418489933014 3.0091023579107246
-0.07927148789167404 -0.001694418489933014 3.0091023579107246
-0.08156033605337143 -0.003777734935283661 3.0088874235616614
-0.07561183720827103 -0.005496576428413391 3.005472946128636
-0.058513566851615906 -0.0035976581275463104 3.004004939818925
-0.05076639726758003 -0.0031649619340896606 3.0010721528773967
-0.03337324783205986 -0.0036365091800689697 2.9998026931529695
-0.03337324783205986 -0.0036365091800689697 2.9998026931529695
-0.013523906469345093 -0.0017187707126140594 2.999542101646012
-0.013523906469345093 -0.0017187707126140594 3.0005685777522926
-0.013523906469345093 -0.0017187707126140594 3.0005685777522926
1.5379814431071281E-4 0.0021460168063640594 3.0035421342708486
0.004831543192267418 0.0032140910625457764 3.003118822083652
0.00843016617000103 0.003684062510728836 3.0027006358959087
0.00843016617000103 0.003684062510728836 3.0027006358959087
0.02173762209713459 0.00330188125371933 3.0038869655520393
0.032133810222148895 0.0010329335927963257 3.0057884199056906
0.05694214999675751 -9.653717279434204E-5 3.007537458601976
0.0677076056599617 -0.0016559585928916931 3.0066456539068502
0.07348310947418213 -0.0031352341175079346 3.003860328856496
0.0714031457901001 -0.003787800669670105 3.0043464019999306
0.06599553674459457 -0.004078615456819534 3.003644621570039
0.014997740276157856 0.0015559718012809753 3.0026755692552816
-0.03145361319184303 0.00689426064491272 3.002412474353239
-0.10144393891096115 -0.008130960166454315 3.0058187605928697
-0.10144393891096115 -0.008130960166454315 3.00581876059287
-0.08810169994831085 -0.012311290949583054 3.005219491190894
-0.08294983953237534 -0.012593720108270645 3.005227910306021
-0.06689862161874771 -0.011763107031583786 3.0032299894659094
-0.06689862161874771 -0.011763107031583786 3.0032299894659094
-0.043016720563173294 -0.010102089494466782 3.0007985967962347
-0.043016720563173294 -0.010102089494466782 3.0007985967962347
-0.017137601971626282 -0.009921874850988388 2.999201409624561
0.003064278978854418 -0.007923338562250137 2.9992128180932274
0.003064278978854418 -0.007923338562250137 2.9992128180932274
0.02539115585386753 -0.003907345235347748 2.9984170960854772
0.0652230829000473 -5.542859435081482E-4 3.0012106465768147
0.07479336112737656 9.138025343418121E-4 3.0037902163934014
0.08266667276620865 0.003022037446498871 3.00447006697171
0.08529649674892426 0.004512012004852295 3.003813469107415
0.08576897531747818 0.008779171854257584 3.003676059138363
0.0837978646159172 0.009873401373624802 3.003534796130244
0.0837978646159172 0.009873401373624802 3.003534796130244
0.07341399043798447 0.012229174375534058 3.0036449455137886
0.04349903389811516 0.014432866126298904 3.0002874158735886
0.03008415922522545 0.015032727271318436 2.9997556719555694
0.012212740257382393 0.015739843249320984 2.9993569116915917
-0.006524943746626377 0.016240194439888 2.9987649183596847
-0.02021331898868084 0.016268707811832428 2.9990414839114363
-0.03990231454372406 0.015410948544740677 2.9998983602847327
-0.08634407073259354 0.008763011544942856 3.0034093712128893
-0.08634407073259354 0.008763011544942856 3.0034093712128893
-0.09609826654195786 0.0038734115660190582 3.003288850621155
-0.09379422664642334 0.0019333511590957642 3.0040670488633436
-0.08035408705472946 -8.9292973279953E-4 3.004109368161136
-0.06245431303977966 -6.873756647109985E-4 3.001665458516055
-0.05493748560547829 -4.380941390991211E-6 3.0015052412308942
-0.032362405210733414 0.003137897700071335 3.0009634695450673
-0.009755884297192097 0.0014503300189971924 3.0000688141026775
-0.009755884297192097 0.0014503300189971924 3.0000688141026775
-0.004431111738085747 -3.375224769115448E-4 3.0005798643269843
0.023502767086029053 -0.008843902498483658 2.9989234512486744
0.03764687478542328 -0.00946824625134468 2.997729927841688
0.0481606163084507 -0.009188685566186905 2.9973086844364913
0.0481606163084507 -0.009188685566186905 2.9973086844364913
0.057477835565805435 -0.007668428122997284 3.0008376370350613
0.06029981002211571 -0.006803650408983231 3.0023173819462543
0.06454022228717804 -0.005008414387702942 3.0040146838108766
0.06872311234474182 -0.0030372291803359985 3.004288745967554
0.07141463458538055 -0.001582559198141098 3.0054407515216846
0.07745663076639175 0.0019358247518539429 3.0048745079321706
0.07977480441331863 0.0036675073206424713 3.0042816801352363
0.08030121773481369 0.004428669810295105 3.0039250059409017
0.08030121773481369 0.004428669810295105 3.0039250059409017
0.0793866291642189 0.004745427519083023 3.0039335890097503
0.07318109273910522 0.004862066358327866 3.004191048952998
0.05948006361722946 0.005671899765729904 3.002560759038119
0.05948006361722946 0.005671899765729904 3.002560759038119
0.03797300532460213 0.006129849702119827 3.0019766335193188
0.013700070790946484 0.006118614226579666 3.0028162245456294
-0.002888808725401759 0.0057932473719120026 3.003202343434481
-0.002888808725401759 0.0057932473719120026 3.0019509822702926
-0.01390271820127964 0.005090773105621338 3.00246324337788
-0.04270802438259125 8.481740951538086E-4 3.003198883903696
-0.04270802438259125 8.481740951538086E-4 3.003198883903696
-0.05003223940730095 -5.522929131984711E-4 3.00317277706928
-0.05003223940730095 -5.522929131984711E-4 3.00317277706928
-0.06317900121212006 -0.0032872743904590607 3.003585671516986
-0.06751929968595505 -0.004155684262514114 3.0035224040450874
-0.06639610230922699 -0.004148494452238083 3.0035377820434364
-0.05721719563007355 -0.00564996525645256 3.00284636816404
-0.05721719563007355 -0.00564996525645256 3.00284636816404
-0.048569150269031525 -0.007588360458612442 3.001718825391107
-0.04488862305879593 -0.00874960795044899 3.001751714536985
-0.038941945880651474 -0.010789718478918076 3.000908904859865
-0.026461763307452202 -0.014233436435461044 2.9999332960341794
-0.019341183826327324 -0.015198584645986557 2.999581271002136
-0.014974955469369888 -0.015460465103387833 2.999399765482595
-0.008750003762543201 -0.015046965330839157 2.9990379010177146
-0.008750003762543201 -0.015046965330839157 2.9990379010177146
-0.0021058882120996714 -0.013424884527921677 2.9989101086593153
0.010507727041840553 -0.01025906577706337 2.998776117417856
0.010507727041840553 -0.01025906577706337 2.9991199846491226
0.010507727041840553 -0.01025906577706337 2.9991199846491226
0.020595844835042953 -0.009424377232789993 2.999109494231636
0.024063078686594963 -0.00915559008717537 2.998897182486949
0.04001881927251816 -0.006803307682275772 2.999372350715095
0.04996855929493904 -0.005922380834817886 2.9992854471430146
0.05907585844397545 -0.00499643012881279 3.00130244605325
0.07138747721910477 9.661838412284851E-4 3.004557195312546
0.07138747721910477 9.661838412284851E-4 3.004557195312546
0.034840378910303116 0.00309816375374794 3.0015463262863635
-0.0053251637145876884 0.004670336842536926 3.0000835090942832
-0.04540228843688965 0.005153834819793701 3.000243607170149
-0.03775442764163017 0.0015799477696418762 3.0014680478679114
-0.009895739145576954 -0.005125127732753754 3.000812364746337
-0.009895739145576954 -0.005125127732753754 3.000812364746337
-0.009895739145576954 -0.005125127732753754 3.000812364746337
-0.0017913461197167635 -0.006300710141658783 3.0010782014620365
0.003239898942410946 -0.006529506295919418 3.0005021821749276
0.003239898942410946 -0.006529506295919418 2.999962156211069
0.006795693188905716 -0.006784088909626007 3.0001921206010964
0.006795693188905716 -0.006784088909626007 3.0001921206010964
0.02904606983065605 -0.007837425917387009 2.9990946798814866
0.03519570827484131 -0.007375393062829971 2.9998034983171564
0.04567393660545349 -0.007006734609603882 3.001059686820958
0.051771651953458786 -0.007182121276855469 3.0026405834004057
0.06178111210465431 -0.006895873695611954 3.00418172109572
0.0753272995352745 -0.003836158663034439 3.0045903705403028
0.07654927670955658 -0.0029821842908859253 3.004114963893574
0.07445121556520462 -4.2680278420448303E-4 3.0022551797672863
0.05635871738195419 0.0043166689574718475 3.002549984340345
0.05635871738195419 0.0043166689574718475 3.003280754025287
0.04793363809585571 0.0059819296002388 3.003589230787366
0.03619624301791191 0.0076266564428806305 3.004123049985974
0.02237890101969242 0.008582666516304016 3.0040102779980598
-0.005396347492933273 0.009152188897132874 3.0032327950116073
-0.005396347492933273 0.009152188897132874 3.0032327950116073
-0.021408308297395706 0.009246375411748886 3.002813382260726
-0.041041165590286255 0.00915621966123581 3.002209109167475
-0.05294173210859299 0.00891292467713356 3.002052706579582
-0.06756239384412766 0.008573994040489197 3.0017385901016134
-0.07521778345108032 0.008122920989990234 3.001596015791317
-0.08411569893360138 0.007030196487903595 3.00103394399108
-0.08166535198688507 0.005180418491363525 3.003020415295125
-0.07666851580142975 0.004294179379940033 3.002740885057387
-0.06896430253982544 0.002968844026327133 3.003094698228771
-0.06588231027126312 0.002399388700723648 3.00294067982667
-0.050666533410549164 -5.825869739055634E-4 3.0031241429232924
-0.02060655876994133 -0.0033122263848781586 3.0019216788195924
-0.014933627098798752 -0.0024818554520606995 3.0006421218755284
-0.004660900682210922 -0.0013222433626651764 2.9984078710812985
0.009693031199276447 -0.001295246183872223 2.997187411507753
0.009693031199276447 -0.001295246183872223 2.998015796860839
0.014415008015930653 -6.425343453884125E-4 2.9989728090373555
0.02405908703804016 4.116035997867584E-4 2.9996053997691643
0.03349908068776131 6.791576743125916E-4 2.9999240752504925
0.03349908068776131 6.791576743125916E-4 2.9999240752504925
0.04076317697763443 5.114004015922546E-4 2.999702226762637
0.046957679092884064 6.256401538848877E-4 2.9992666360186204
0.052608706057071686 6.279349327087402E-4 2.9986511584566684
0.05598103255033493 5.359724164009094E-4 2.99930598355042
0.05598103255033493 5.359724164009094E-4 2.99930598355042
0.06578183174133301 -1.509636640548706E-4 2.9999047718118295
0.06863612681627274 1.032799482345581E-4 3.0011578998635904
0.06863612681627274 1.032799482345581E-4 3.0011578998635904
0.07037040591239929 0.0016976408660411835 3.0029555759500184
0.07037040591239929 0.0016976408660411835 3.002586116850219
0.07012387365102768 0.0029020123183727264 3.003062800242282
0.06857940554618835 0.0042738839983940125 3.0041539228695364
0.06043640524148941 0.00545840710401535 3.004894689394806
0.06043640524148941 0.00545840710401535 3.004894689394806
0.04431185498833656 0.006396494805812836 3.0034547226374753
0.03277934342622757 0.0063590072095394135 3.001520600018066
0.023726627230644226 0.006402488797903061 3.0016632710818785
0.008673218078911304 0.006898701190948486 3.001158181322049
0.008673218078911304 0.006898701190948486 3.001158181322049
-0.022808540612459183 0.009358078241348267 3.0013474856738602
-0.022808540612459183 0.009358078241348267 3.0013474856738602
-0.04941384494304657 0.009879708290100098 3.0016159703854277
-0.06209935247898102 0.009431485086679459 3.001234119107357
-0.06209935247898102 0.009431485086679459 3.001234119107357
-0.0757458433508873 0.007142886519432068 3.0016304899951165
-0.07799671590328217 0.006118636578321457 3.0022059132357755
-0.07859595865011215 0.004574179649353027 3.0030971712533803
-0.07859595865011215 0.004574179649353027 3.0030971712533803
-0.07440391182899475 0.0032199732959270477 3.004771346515833
-0.07204318046569824 0.002793915569782257 3.004701847500026
-0.06719247251749039 0.0017144158482551575 3.0045145697061444
-0.06241600960493088 4.2549148201942444E-4 3.004168981975732
-0.05754730477929115 -0.0012259259819984436 3.004051013395972
-0.05754730477929115 -0.0012259259819984436 3.004051013395972
-0.047166451811790466 -0.006419334560632706 3.003205104277319
-0.03665398433804512 -0.01068410649895668 3.0026971534945437
-0.023821357637643814 -0.011021304875612259 3.000887221605972
-0.016721773892641068 -0.010099705308675766 3.0004990634317688
-0.010125282220542431 -0.009101662784814835 2.9998509225244825
-0.010125282220542431 -0.009101662784814835 2.9998509225244825
0.004622842185199261 -0.007292799651622772 2.9990642719447944
0.009990224614739418 -0.0068031661212444305 2.998874776654309
0.01591554470360279 -0.005817431956529617 2.999315731816365
0.01591554470360279 -0.005817431956529617 2.999315731816365
0.02136870101094246 -0.004913687705993652 2.999554031186176
0.028039054945111275 -0.003773227334022522 3.000233404927328
0.03255623206496239 -0.0029532089829444885 3.0002506504442312
0.04439237713813782 -4.99427318572998E-4 3.000296828094284
0.05232365056872368 0.0010308995842933655 2.9998160570295234
0.06843458116054535 0.0022872313857078552 2.999597904029648
0.06843458116054535 0.0022872313857078552 3.0000562294352884
0.06843458116054535 0.0022872313857078552 2.999824393066301
0.08493230491876602 0.0023929812014102936 3.002118542373301
0.08364539593458176 0.003764953464269638 3.004172876060129
0.08364539593458176 0.003764953464269638 3.004172876060129
0.036955010145902634 0.0037997178733348846 3.0018441511573664
0.026188133284449577 0.004294950515031815 3.00089694272773
-0.003266849322244525 0.005225129425525665 2.999731075875927
-0.003266849322244525 0.005225129425525665 2.999731075875927
-0.037236813455820084 0.005461852997541428 2.9992797495056873
-0.037236813455820084 0.005461852997541428 2.9992797495056873
-0.0867885872721672 -0.0010601319372653961 3.00002772239535
-0.08451589196920395 -0.0039650872349739075 3.0031039055012654
-0.07497123628854752 -0.006692271679639816 3.0030903156422615
-0.06135188788175583 -0.009530629962682724 3.002448969664474
-0.04797748848795891 -0.010569650679826736 3.0023271377705574
-3.5451515577733517E-4 -0.00728389248251915 3.000796848120597
0.018775219097733498 -0.004340793937444687 2.999847361714229
0.03740919381380081 -9.134635329246521E-4 2.997095281957729
0.04738134890794754 1.566857099533081E-5 2.9969904969922125
0.05641515925526619 -0.00112205371260643 2.9976995538464632
0.05641515925526619 -0.00112205371260643 2.9976995538464632
0.06208055466413498 -0.0036108307540416718 2.9989132236233833
0.07044092565774918 -0.005943018943071365 3.001391193968707
0.0764726921916008 -0.005141895264387131 3.003235251998094
0.0764726921916008 -0.005141895264387131 3.003235251998094
0.07717292755842209 -0.004142627120018005 3.003026516532092
0.006692719645798206 0.0033945180475711823 3.000235469435837
-0.03701656311750412 0.004477601498365402 2.9990295482627407
-0.06135324388742447 0.0048815906047821045 2.9993528397073783
-0.07731844484806061 0.003522779792547226 2.9996399025155887
-0.08035671710968018 -0.0019369572401046753 3.002030167980374
-0.07708275318145752 -0.004593163728713989 3.0034085849954466
-0.07160944491624832 -0.007990159094333649 3.002536449833096
-0.057114362716674805 -0.01645955815911293 3.0006453136636666
-0.05263708904385567 -0.018645215779542923 2.999821455852127
-0.043399907648563385 -0.022814277559518814 2.9998796942152812
-0.01414305716753006 -0.030933473259210587 2.999690509072767
-0.01414305716753006 -0.030933473259210587 2.999690509072767
0.0057542636059224606 -0.027392085641622543 2.998900747529495
0.0057542636059224606 -0.027392085641622543 2.998900747529495
0.014974232763051987 -0.022116873413324356 2.9988247393409746
0.023122061043977737 -0.015818927437067032 2.9999122345307176
0.02695939876139164 -0.011919725686311722 2.9998014891007303
0.03224674612283707 -0.005911868065595627 2.998925181613243
0.03224674612283707 -0.005911868065595627 2.998925181613243
0.03426546975970268 -0.004224121570587158 2.9986556494095677
0.03749597445130348 -0.0032881461083889008 2.997016736170537
0.04481429234147072 -0.003969613462686539 2.9976545518580027
0.05034230649471283 -0.005375508219003677 2.9993157333078946
0.053435832262039185 -0.006133534014225006 3.0003740733805238
0.06150505691766739 -0.007414337247610092 3.002854699486785
0.06127972528338432 -0.006167981773614883 3.0029987043085615
0.060341544449329376 -0.005558967590332031 3.0023451136624963
0.060341544449329376 -0.005558967590332031 3.0023451136624963
0.05381608381867409 -0.003094717860221863 3.0003660010373725
0.0035619791597127914 0.0039396733045578 2.9985651063001306
-0.019558005034923553 0.00787493959069252 2.9966719435727738
-0.0324455201625824 0.010888878256082535 2.9961899462370942
-0.04115287587046623 0.013104181736707687 2.9969796117100094
-0.05102512612938881 0.015600811690092087 2.9978356536182797
-0.05281320586800575 0.016156498342752457 3.0000912125858674
-0.05281320586800575 0.016156498342752457 3.0000126265377505
-0.05281320586800575 0.016156498342752457 3.0000126265377505
-0.04435301199555397 0.012686450034379959 3.0032734480008885
-0.04080481082201004 0.011591222137212753 3.0037147607908006
-0.028488246724009514 0.0070188008248806 3.0037110653028236
-0.02537989243865013 0.005458507686853409 3.0032358970746795
-0.017541902139782906 8.794218301773071E-4 3.002579530726406
-0.017541902139782906 8.794218301773071E-4 3.003152376965519
-0.005495565943419933 -0.005637478083372116 3.0042466160871366
-0.00293447426520288 -0.0065552107989788055 3.003931426725561
8.687428198754787E-4 -0.0067534856498241425 3.0036658284284456
0.005313623696565628 -0.005523670464754105 3.0040422913648483
0.0077643850818276405 -0.004474777728319168 3.0042394635297645
0.015118029899895191 -0.002718556672334671 3.0041188916570176
0.020358286798000336 -0.002114526927471161 3.0036735003135293
0.020358286798000336 -0.002114526927471161 3.0036735003135293
0.025007830932736397 -0.0017904266715049744 3.0036086504600084
0.03410327434539795 -0.0024323053658008575 3.0036292736670975
0.038876619189977646 -0.0031935647130012512 3.0035179381744754
0.038876619189977646 -0.0031935647130012512 3.0035179381744754
0.038876619189977646 -0.0031935647130012512 3.0035179381744754
0.04547404497861862 -0.003722451627254486 3.0035979433185385
0.047694817185401917 -0.0026624351739883423 3.003580061925104
0.0476127490401268 -0.0013257376849651337 3.003177968991453
0.0476127490401268 -0.0013257376849651337 3.0019898989060976
0.046944230794906616 -3.1460076570510864E-4 3.0015020860799435
0.042897727340459824 8.796416223049164E-4 2.9994785083898163
0.03896710276603699 0.0011630617082118988 2.9987537159093463
0.036120519042015076 0.0014000125229358673 2.998150397694936
0.030651278793811798 0.001559767872095108 2.9974885477193505
0.02731539122760296 0.0014013312757015228 2.997628499425283
0.011662297882139683 0.003843449056148529 2.9996791927616036
0.011662297882139683 0.003843449056148529 2.9996791927616036
-0.007036129012703896 0.0054759979248046875 2.9991772024433017
-0.0118936225771904 0.006944410502910614 2.9997508375446205
-0.0118936225771904 0.006944410502910614 2.9997508375446205
-0.026327351108193398 0.014003068208694458 3.001935826383614
-0.030707189813256264 0.01621079072356224 3.0018946069132735
-0.03526382893323898 0.018506236374378204 3.0014182465922277
-0.037013474851846695 0.019675299525260925 3.0009352105509697
-0.03693829104304314 0.020663771778345108 3.000937475527474
-0.03469540923833847 0.0207185260951519 3.0006859439265217
-0.02829395793378353 0.019616693258285522 2.9994120131583375
-0.024021638557314873 0.018599551171064377 2.999111589765971
-0.024021638557314873 0.018599551171064377 2.999111589765971
-0.01667744480073452 0.015899043530225754 3.000558671331826
-0.01667744480073452 0.015899043530225754 3.000558671331826
-0.010243630968034267 0.011931035667657852 3.0022374957565705
0.021983107551932335 0.005646519362926483 3.0054837426681345
0.021983107551932335 0.005646519362926483 3.0054837426681345
0.02467452734708786 0.006869018077850342 3.0046511849899136
0.02362721599638462 0.006667055189609528 3.0044209918517932
0.022777440026402473 0.006280615925788879 3.0040192565460058
0.022777440026402473 0.006280615925788879 3.0040192565460058
0.01101820170879364 -0.0017050392925739288 2.999762189576979
-0.0019937127362936735 -0.009274985641241074 3.0004983807989256
-0.00624911580234766 -0.010987367480993271 3.000890221733684
-0.01103269774466753 -0.01173686608672142 3.0014155770727378
-0.01103269774466753 -0.01173686608672142 3.0014155770727378
-0.018917493522167206 -0.009737107902765274 3.0031562950420185
-0.018917493522167206 -0.009737107902765274 3.0031562950420185
-0.018917493522167206 -0.009737107902765274 3.0031562950420185
-0.03784485533833504 7.380694150924683E-4 3.00358977465562
-0.03784485533833504 7.380694150924683E-4 3.00358977465562
-0.03577630966901779 0.002266567200422287 3.0039375081532382
-0.03577630966901779 0.002266567200422287 3.002762696471865
-0.030134225264191628 0.001106511801481247 2.999596208601362
-0.022421186789870262 3.4755468368530273E-4 2.9986845310314845
-0.015395678579807281 -4.2208656668663025E-4 2.999526387034293
-0.010503550991415977 -9.865351021289825E-4 3.0003385599240047
-0.010503550991415977 -9.865351021289825E-4 3.0003385599240047
0.0021178601309657097 -0.0028014928102493286 3.0025221164807094
0.007340623997151852 -0.0032104775309562683 3.0094703152940596
0.006359328515827656 -8.147023618221283E-4 3.04986316581781
0.0028191811870783567 0.003376089036464691 3.0980352820974115
0.0028191811870783567 0.003376089036464691 3.0980352820974115
-0.0043060388416051865 0.012943923473358154 -3.0841633059507045
-0.007496165111660957 0.01943579688668251 -3.02391028184945
-0.01200864277780056 0.03562608361244202 -2.880394218159264
-0.010049174539744854 0.04590573161840439 -2.7953744596604944
-0.010049174539744854 0.04590573161840439 -2.7953744596604944
-0.005005354061722755 0.053826358169317245 -2.7259555524949577
0.008852222003042698 0.06308763474225998 -2.6226666635636895
0.022598087787628174 0.06295096129179001 -2.5776825613145613
0.022598087787628174 0.06295096129179001 -2.576770555987573
0.029527023434638977 0.05960759148001671 -2.5565881903576693
0.032776471227407455 0.05758387967944145 -2.531831520359514
0.03752082958817482 0.05586946755647659 -2.4794686015057663
0.039764661341905594 0.05479133129119873 -2.4396300490307805
0.039764661341905594 0.05479133129119873 -2.4396300490307805
0.04374613240361214 0.049030568450689316 -2.297583690928712
0.04388178512454033 0.04728037118911743 -2.2495675756306803
0.04338189214468002 0.04532098397612572 -2.1757815553517403
0.041997030377388 0.044259555637836456 -2.1270971967549457
0.041997030377388 0.044259555637836456 -2.1270971967549457
0.03849395737051964 0.04176584631204605 -2.0295892431111477
0.034051764756441116 0.038475822657346725 -1.9051465380081682
0.03160787373781204 0.03681236505508423 -1.8563536216298313
0.026908738538622856 0.034136369824409485 -1.7855039645711177
0.01425318792462349 0.030879084020853043 -1.6565144429139884
0.005247301422059536 0.029565706849098206 -1.5851524243287838
0.005247301422059536 0.029565706849098206 -1.5851524243287838
0.005247301422059536 0.029565706849098206 -1.5853511454235028
-0.027625979855656624 0.032251983880996704 -1.3356865024911109
-0.05002198740839958 0.04397179186344147 -1.0776081657754093
-0.05073879659175873 0.049577970057725906 -0.9530839397374637
-0.05073879659175873 0.049577970057725906 -0.9533432696252386
-0.049443598836660385 0.06139395013451576 -0.7330780409332206
-0.053372353315353394 0.040120840072631836 -0.6147542379852349
-0.051235709339380264 0.02599545568227768 -0.5907959125991866
-0.048636022955179214 0.020133253186941147 -0.5877769373413271
-0.036523737013339996 -0.006471708416938782 -0.5979178090634172
-0.036523737013339996 -0.006471708416938782 -0.5979178090634172
-0.030222488567233086 -0.030558351427316666 -0.5879502435269217
-0.0233383197337389 -0.03205070272088051 -0.4819539017144838
-0.002831494202837348 -0.032094549387693405 -0.37889921788170816
0.007268102373927832 -0.03200121596455574 -0.36298201498896937
0.013910754583775997 -0.031260643154382706 -0.355783919667316
0.04250216856598854 -0.01121237501502037 -0.357150773381312
0.03324849531054497 -0.014814671128988266 -0.37031469759852415
0.029692159965634346 -0.017740074545145035 -0.3711375993243012
0.01641862839460373 -0.02053416147828102 -0.371982538949433
0.012772450223565102 -0.020224180072546005 -0.3726749635553614
0.012772450223565102 -0.020224180072546005 -0.3726749635553614
-0.0037753412034362555 -0.017106186598539352 -0.37500872381691097
-0.011472152546048164 -0.01358327642083168 -0.37447025545599183
-0.02508501708507538 0.010759193450212479 -0.2681011787895707
-0.024983994662761688 0.013758949935436249 -0.260101160554444
-0.022781724110245705 0.019788041710853577 -0.2490061135573794
-0.019739003852009773 0.02122138813138008 -0.24821051075890865
-0.013641510158777237 0.013840638101100922 -0.2554246993346508
-0.006095560267567635 0.0019690878689289093 -0.2594995112700792
0.01916835829615593 -0.019687671214342117 -0.266553331221954
0.029498549178242683 -0.027583982795476913 -0.32499689257049774
0.03113882802426815 -0.029895205050706863 -0.35081404840850927
0.03113882802426815 -0.029895205050706863 -0.35081404840850927
0.03243878483772278 -0.03306915983557701 -0.38718146479035787
0.03147251158952713 -0.028822969645261765 -0.3679900804748697
0.028816409409046173 -0.021564241498708725 -0.3634105823137725
0.015887819230556488 -0.003446657210588455 -0.3626145804508596
0.014171261340379715 -0.0022063404321670532 -0.3629216688725815
0.011612925678491592 -0.001440737396478653 -0.362441851482151
0.009326345287263393 -7.487572729587555E-4 -0.3614707726094534
0.009179310873150826 -5.303919315338135E-4 -0.36099822698567624
0.009310214780271053 -9.384751319885254E-5 -0.36125191590924355
0.009708443656563759 2.4106726050376892E-4 -0.3610792977261936
0.010349464602768421 1.679547131061554E-4 -0.3612722975659768
0.010438724420964718 -3.966577351093292E-4 -0.36075433320287814
0.010438724420964718 -3.966577351093292E-4 -0.36075433320287814
0.009956440888345242 -0.00101514533162117 -0.3603243916244251
0.008988160640001297 -0.002401750534772873 -0.36140088638335643
0.00867395754903555 -0.0033811256289482117 -0.3618847568896359
0.007593141868710518 -0.005281791090965271 -0.36333422264128257
0.007593141868710518 -0.005281791090965271 -0.36333422264128257
0.006853249855339527 -0.006033327430486679 -0.3641839464572072
0.0063492245972156525 -0.00666288286447525 -0.3649593519601889
0.00497118616476655 -0.007255885750055313 -0.3642990350006202
0.004796024411916733 -0.007127959281206131 -0.3640188931701781
0.00521745253354311 -0.006687134504318237 -0.3641136645553768
0.006260267458856106 -0.0055320896208286285 -0.36460373394470896
0.008148851804435253 -0.0036789998412132263 -0.3649769099077399
0.008684804663062096 -0.003351818770170212 -0.3651612332782942
0.00883572455495596 -0.003657180815935135 -0.36531441721538144
0.00883572455495596 -0.003657180815935135 -0.36531441721538144
0.009200269356369972 -0.003665369004011154 -0.3645983270130498
0.009880651719868183 -0.004153314977884293 -0.36485915693857746
0.010418547317385674 -0.0046955980360507965 -0.364656676957995
0.011382516473531723 -0.0058417730033397675 -0.365233396104116
0.011996593326330185 -0.006597883999347687 -0.36490735869720564
0.008755994960665703 -0.018831897526979446 -0.3638628469021445
0.007290209643542767 -0.01898658648133278 -0.36412319999051596
0.007290209643542767 -0.01898658648133278 -0.36412319999051596
0.004952399991452694 -0.018683191388845444 -0.3658029970118734
0.003304785117506981 -0.017292354255914688 -0.3649005686576527
0.003304785117506981 -0.017292354255914688 -0.3649005686576527
0.002409254666417837 -0.01619601622223854 -0.36429915779187916
0.00227888161316514 -0.015020344406366348 -0.3639683520133617
0.0029786834493279457 -0.01402289792895317 -0.36427829616618773
0.004258622415363789 -0.013300050050020218 -0.3649000918204869
0.006945173256099224 -0.013446290045976639 -0.36620849911525066
0.007921164855360985 -0.01402134820818901 -0.365871560848671
0.007921164855360985 -0.01402134820818901 -0.365871560848671
0.008965576998889446 -0.015252571552991867 -0.36550987986418043
0.009864973835647106 -0.016905929893255234 -0.36488748816343997
0.011319922283291817 -0.018847066909074783 -0.36358617641048374
0.012213906273245811 -0.019662465900182724 -0.3640408854124266
0.012712936848402023 -0.019861843436956406 -0.3646191696760415
0.013402623124420643 -0.019749123603105545 -0.3648711781141515
0.01369976531714201 -0.019174780696630478 -0.36459270521376785
0.014513790607452393 -0.018137764185667038 -0.36431864305709905
0.014513790607452393 -0.018137764185667038 -0.3644378049198608
0.01643211953341961 -0.01530778780579567 -0.36465636164679244
0.018356962129473686 -0.013554666191339493 -0.36522260577216664
0.019433964043855667 -0.012272309511899948 -0.36578968436256165
0.020561035722494125 -0.01083746924996376 -0.3663199272824763
0.02145387791097164 -0.009116638451814651 -0.36601379782690674
0.022459102794528008 -0.007084891200065613 -0.36595694992214645
0.022671828046441078 -0.005930311977863312 -0.36642623287687937
0.01640133559703827 -0.0037450529634952545 -0.36601722580443374
0.0028972229920327663 -0.004109736531972885 -0.3635941777850154
-0.005349596031010151 -0.0036396943032741547 -0.36411917549619094
-0.011418867856264114 -0.0027027949690818787 -0.36569154602537424
-0.011418867856264114 -0.0027027949690818787 -0.36549588177352593
-0.020518431439995766 5.566887557506561E-4 -0.369114061420041
-0.020518431439995766 5.566887557506561E-4 -0.369114061420041
-0.021180227398872375 -4.832446575164795E-5 -0.369010468547427
-0.021180227398872375 -4.832446575164795E-5 -0.369010468547427
-0.020830368623137474 -6.853453814983368E-4 -0.3688090048480738
-0.020298292860388756 -0.0014562681317329407 -0.3685100400732691
-0.020298292860388756 -0.0014562681317329407 -0.3685100400732691
-0.019993556663393974 -0.0017753690481185913 -0.3683200204657242
-0.019366499036550522 -0.0036519207060337067 -0.3690812909888104
-0.019022179767489433 -0.004205070436000824 -0.3688853109167802
-0.014670362696051598 -0.0067998990416526794 -0.3681830489920359
-0.014670362696051598 -0.0067998990416526794 -0.3681830489920359
-0.002332993084564805 -0.01230817660689354 -0.36932319466268004
0.009312639012932777 -0.012148294597864151 -0.3721118071438071
0.014099287800490856 -0.008601818233728409 -0.37084044007074723
0.01503484882414341 -0.006663795560598373 -0.3707496025921059
0.016078822314739227 -0.00450538843870163 -0.37029338864099315
0.016078822314739227 -0.00450538843870163 -0.37029338864099315
0.016120849177241325 -1.4346465468406677E-4 -0.37225877144240394
0.006636787671595812 7.319264113903046E-4 -0.37208864494925614
0.006636787671595812 7.319264113903046E-4 -0.37208864494925614
4.95716230943799E-4 4.48375940322876E-5 -0.3714340667403207
-0.007706165313720703 -8.008703589439392E-4 -0.36928818031913435
-0.018255455419421196 -7.19413161277771E-4 -0.3687870244658431
-0.02634511888027191 7.086656987667084E-4 -0.3707983235991454
-0.02925265021622181 0.001806117594242096 -0.3709826152269808
-0.030112585052847862 0.0017770305275917053 -0.37175097425120374
-0.030112585052847862 0.0017770305275917053 -0.37175097425120374
-0.031010570004582405 0.0017411410808563232 -0.372079753471783
-0.031200392171740532 0.0013331584632396698 -0.37138285596505977
-0.029476365074515343 5.521811544895172E-4 -0.3711651167229173
-0.029476365074515343 5.521811544895172E-4 -0.3711651167229173
-0.022974791005253792 -0.001014113426208496 -0.3710834583595772
-0.01788990944623947 -0.0013716258108615875 -0.37110837310109557
-0.014479465782642365 -0.0014141835272312164 -0.3712063631371125
-0.0016679384279996157 -0.0012701936066150665 -0.3720272383049563
0.01572149433195591 -0.002450108528137207 -0.3702364480271429
0.023578442633152008 -7.206201553344727E-5 -0.36819267803915035
0.02921321988105774 9.591579437255859E-4 -0.3690962844539452
0.030317584052681923 0.0010612830519676208 -0.3689925723720346
0.029879622161388397 0.0011527463793754578 -0.3688856416392996
0.028577705845236778 8.951835334300995E-4 -0.36888087326772623
0.022527961060404778 2.0594522356987E-4 -0.3698504747661009
0.01860625110566616 6.508976221084595E-4 -0.3696846551117779
0.015152888372540474 9.154379367828369E-4 -0.3696369713959661
0.009249134920537472 0.001478198915719986 -0.37090571586465415
0.009249134920537472 0.001478198915719986 -0.37090571586465415
0.0015763950068503618 0.00196799635887146 -0.37250705425119923
-0.00476684607565403 0.0024545639753341675 -0.37330182258462724
-0.009609982371330261 0.0026456229388713837 -0.3730645894642405
-0.01642535999417305 0.00281568244099617 -0.37323577755485027
-0.023096302524209023 0.002881377935409546 -0.37309439533745187
-0.05377642810344696 -2.7207285165786743E-4 -0.3719452177861886
-0.055437613278627396 -9.727291762828827E-4 -0.37131269329581695
-0.054851777851581573 -0.001225396990776062 -0.37143392914330164
-0.048780657351017 -0.0020590946078300476 -0.37074700088901436
-0.03888697922229767 -0.002732478082180023 -0.3703283021988082
-0.024817530065774918 -0.0031884759664535522 -0.3698066423477444
-0.011373505927622318 -0.0030611418187618256 -0.37105404835360245
0.009950626641511917 -0.00265299528837204 -0.3726636121811175
0.019296852871775627 -0.0032138973474502563 -0.3726736257614418
0.032248083502054214 -0.006588570773601532 -0.37326931041901223
0.03611762076616287 -0.00635717436671257 -0.3742163528683465
0.03783688321709633 -0.005212955176830292 -0.37439707415130774
0.038396865129470825 -0.004535365849733353 -0.37435082094696237
0.03488786891102791 -0.001059066504240036 -0.3744397510769608
0.02381194941699505 0.0012250356376171112 -0.37499705450562393
0.017499597743153572 0.0020025745034217834 -0.3753172267726626
0.012762436643242836 0.0024835914373397827 -0.37567190827799185
0.004551739431917667 0.0028156638145446777 -0.37551729382944343
-0.001338982256129384 0.003031402826309204 -0.3755178898758915
-0.001338982256129384 0.003031402826309204 -0.3755178898758915
-0.04790536314249039 3.7755072116851807E-4 -0.3750614375062048
-0.05570843070745468 -7.089599967002869E-4 -0.37445351112595293
-0.05310343578457832 -0.0011799000203609467 -0.373058341641917
-0.05310343578457832 -0.0011799000203609467 -0.373058341641917
-0.04005856066942215 -0.003202497959136963 -0.36931803097296
-0.033750783652067184 -0.004645932465791702 -0.3685825096564287
-0.03019951470196247 -0.0054941326379776 -0.36827423443365037
-0.020336339250206947 -0.007152091711759567 -0.3674887863638274
-0.004788224585354328 -0.009733807295560837 -0.3663680572790586
-0.0016042052302509546 -0.01034471020102501 -0.36615717604582465
0.0023767780512571335 -0.011003579944372177 -0.3659261484426797
0.008408707566559315 -0.01187082752585411 -0.36694503024047276
0.014117534272372723 -0.012590546160936356 -0.36825847819273766
0.016732944175601006 -0.013035912066698074 -0.36936347120419577
0.026450108736753464 -0.013529043644666672 -0.37074387244704765
0.026450108736753464 -0.013529043644666672 -0.37074387244704765
0.03654831647872925 -0.013503994792699814 -0.37042546443465635
0.03654831647872925 -0.013503994792699814 -0.37042546443465635
0.047272708266973495 -0.013178776949644089 -0.3685326506206205
0.05207950249314308 -0.011958662420511246 -0.3658628952369114
0.05468694493174553 -0.010728951543569565 -0.3657834571097134
0.057964127510786057 -0.008546512573957443 -0.3660341542456342
0.05970921739935875 -0.0065971240401268005 -0.3665065806601263
0.06029950827360153 -0.003751598298549652 -0.3680516522619885
0.049857210367918015 0.0027815066277980804 -0.3699218075964492
0.014233335852622986 0.006512492895126343 -0.3738216800770296
0.014233335852622986 0.006512492895126343 -0.3738216800770296
0.00233122194185853 0.006265729665756226 -0.3737474126896373
-0.03252696618437767 0.0037222877144813538 -0.3753665132603207
-0.04161044955253601 0.004398629069328308 -0.3759108228764073
-0.0543544627726078 0.006346270442008972 -0.37733644677014033
-0.06517809629440308 0.008641749620437622 -0.3792226913149664
-0.07671724259853363 0.012055248022079468 -0.37990505465359203
-0.07860226184129715 0.013079512864351273 -0.37943811186643195
-0.07860226184129715 0.013079512864351273 -0.37943811186643195
-0.07742185890674591 0.013528957962989807 -0.37830216654630827
-0.07051251083612442 0.01356140524148941 -0.3758556342968619
-0.06437623500823975 0.012948092073202133 -0.37471813925595476
-0.06437623500823975 0.012948092073202133 -0.37461545062071283
-0.05201907455921173 0.011153098195791245 -0.3732150688928175
-0.04663129523396492 0.010156974196434021 -0.37292109878477864
-0.03247510641813278 0.006446082144975662 -0.3722654476922656
-0.03247510641813278 0.006446082144975662 -0.37202416809020467
-0.03247510641813278 0.006446082144975662 -0.37202416809020467
-0.016435090452432632 -3.8059428334236145E-4 -0.3720469536865207
-0.0017620802391320467 -0.007359679788351059 -0.37062464424011154
0.01361777726560831 -0.010907236486673355 -0.37047503658171715
0.01989557594060898 -0.009629685431718826 -0.3716913289630087
0.01989557594060898 -0.009629685431718826 -0.3716913289630087
0.023444272577762604 -0.008104559034109116 -0.3725319928729175
0.028424184769392014 -0.006793424487113953 -0.37341481844272084
0.03165543079376221 -0.00618160143494606 -0.3729700560913198
0.03673307225108147 -0.005556635558605194 -0.37128360227204865
0.04158071428537369 -0.005405336618423462 -0.36991281465151205
0.04158071428537369 -0.005405336618423462 -0.36991281465151205
0.0485520213842392 -0.005948510020971298 -0.36940712884525023
0.050721801817417145 -0.005908984690904617 -0.36779990867608997
0.053184978663921356 -0.005264461040496826 -0.368240351414
0.05329131707549095 2.6914849877357483E-4 -0.37052142116955833
0.0512973815202713 0.0017897635698318481 -0.3708921620600522
0.042392656207084656 0.004847262054681778 -0.37124800178935774
0.03417140617966652 0.006411738693714142 -0.3718914762556933
0.027747856453061104 0.007386364042758942 -0.3707818394098021
0.007893284782767296 0.009045366197824478 -0.36986232779006833
0.007893284782767296 0.009045366197824478 -0.36925447962265223
-0.006084601394832134 0.009474020451307297 -0.3689355947731061
-0.018117399886250496 0.009487681090831757 -0.3699456550834661
-0.03212687373161316 0.009205769747495651 -0.3714668848274259
-0.053082749247550964 0.00917874276638031 -0.37215277131032876
-0.053082749247550964 0.00917874276638031 -0.37215277131032876
-0.06433188915252686 0.008797872811555862 -0.37151524002981356
-0.07296562194824219 0.007821518927812576 -0.37006076748800437
-0.0740017294883728 0.006638754159212112 -0.36929103310538697
-0.0740017294883728 0.006638754159212112 -0.36929103310538697
-0.0656198114156723 0.0026578903198242188 -0.3690299288362682
-0.05483619123697281 6.18230551481247E-4 -0.3692262215938799
-0.04799320548772812 -0.0011317692697048187 -0.3696866078701311
-0.029598413035273552 -0.010812822729349136 -0.3690768523540673
-0.029598413035273552 -0.010812822729349136 -0.3690768523540673
-0.018133189529180527 -0.016467180103063583 -0.3676454596998364
-0.011806574650108814 -0.017062630504369736 -0.36907352827016265
-0.004396758042275906 -0.012298543006181717 -0.37123348138753454
-0.0014534478541463614 -0.01073450967669487 -0.37229360959951385
0.007807750254869461 -0.008685309439897537 -0.37075521371786124
0.011362829245626926 -0.008064500987529755 -0.36839817815998027
0.011362829245626926 -0.008064500987529755 -0.36839817815998027
0.023452159017324448 -0.0065769776701927185 -0.3646379595396741
0.036872245371341705 -0.00429515540599823 -0.36559497171619637
0.04135136306285858 -0.004184667021036148 -0.3669369106886793
0.049761734902858734 -0.00592263787984848 -0.3684822207091112
0.05297695845365524 -0.007059574127197266 -0.3725246016137627
0.05652746185660362 -0.007843315601348877 -0.37410536483306067
0.05533786863088608 -0.007342375814914703 -0.3729131527282595
0.05533786863088608 -0.007342375814914703 -0.3729131527282595
0.046627968549728394 -0.0033178776502609253 -0.37056127265470784
0.02896597608923912 0.0021988973021507263 -0.3712692566253557
0.02896597608923912 0.0021988973021507263 -0.37148387319297477
-0.007081995718181133 0.008582033216953278 -0.3740114249667788
-0.01907186768949032 0.01124587282538414 -0.37413298433045317
-0.057003721594810486 0.020531639456748962 -0.3734438354275637
-0.06256282329559326 0.02127968892455101 -0.3726903135083283
-0.06142573058605194 0.020587485283613205 -0.3716094428799588
-0.0383286327123642 0.015329834073781967 -0.3713159496090923
-0.0383286327123642 0.015329834073781967 -0.3712771593059224
-0.03001529909670353 0.011550109833478928 -0.3713969712281238
-0.018451910465955734 0.005338642746210098 -0.37161321687936016
-0.018451910465955734 0.005338642746210098 -0.37161321687936016
-0.011665437370538712 0.00195973739027977 -0.37165899324654394
0.014336342923343182 -0.009193990379571915 -0.3703149085068695
0.014336342923343182 -0.009193990379571915 -0.3708348676429394
0.026843952015042305 -0.006900802254676819 -0.36877870539770424
0.03265149146318436 -0.003240961581468582 -0.36752033213720825
0.044164467602968216 -7.864460349082947E-4 -0.36644375304327875
0.048851363360881805 -6.094574928283691E-6 -0.3689945934210892
0.05373954400420189 -0.0013037510216236115 -0.37342715243445496
0.05360037088394165 -0.0024015866219997406 -0.37406437269502507
0.04147332161664963 -0.005090612918138504 -0.3744818597181724
-0.006065388210117817 -0.007321581244468689 -0.3747795253141937
-0.03933655098080635 -0.0011339560151100159 -0.3725398211821053
-0.056099433451890945 0.0031961947679519653 -0.3714042334898469
-0.06161441653966904 0.004920899868011475 -0.37005492422781355
-0.0637311190366745 0.005977321416139603 -0.36968805534159177
-0.06300626695156097 0.00617116317152977 -0.3699634288004628
-0.05742847919464111 0.006182529032230377 -0.37002076846873205
-0.052018903195858 0.005601648241281509 -0.36999847633159466
-0.048274654895067215 0.004789091646671295 -0.37089103167337695
-0.042198747396469116 0.0029571056365966797 -0.3717207392867029
-0.024602681398391724 -0.004368569701910019 -0.3732685527022235
-0.011130069382488728 -0.010139163583517075 -0.3737705430205226
-0.008072303608059883 -0.01069706305861473 -0.37402278987720905
0.013317854143679142 -0.011487487703561783 -0.37312860099628875
0.025943512097001076 -0.010996732860803604 -0.37056805098633083
0.034511614590883255 -0.010221872478723526 -0.3694106803129458
0.048041295260190964 -0.00826379656791687 -0.36849002696975924
0.052769504487514496 -0.007536064833402634 -0.36800925590499955
0.058813318610191345 -0.006608959287405014 -0.3671097026060518
0.06862810999155045 -0.00607965886592865 -0.36905329086288086
0.0736076682806015 -0.00600583478808403 -0.36995183208878407
0.07769390195608139 -0.006425801664590836 -0.3717048500504202
0.07967674732208252 -0.006905596703290939 -0.37249508843085716
0.07572990655899048 -0.0056287311017513275 -0.3710120056595583
0.06861677020788193 -0.0042736344039440155 -0.3704039190735644
0.0584682896733284 -0.002231590449810028 -0.37076500401161305
0.0461941696703434 -1.4617666602134705E-4 -0.37307741732731564
0.032422203570604324 0.0015141144394874573 -0.373827151470203
0.02230185642838478 0.0023006200790405273 -0.3743780175972092
0.002790524158626795 0.003478989005088806 -0.37567048471452363
0.002790524158626795 0.003478989005088806 -0.37567048471452363
-0.026805728673934937 0.005345117300748825 -0.37722413938522964
-0.04118766263127327 0.007008586078882217 -0.37800786713974355
-0.07423713058233261 0.00965181365609169 -0.3773950623047663
-0.08544869720935822 0.01163533702492714 -0.37482347951057626
-0.08544869720935822 0.01163533702492714 -0.37482347951057626
-0.086366668343544 0.014165692031383514 -0.37232127652291225
-0.08117565512657166 0.015533775091171265 -0.3727842881674646
-0.07405240088701248 0.014127321541309357 -0.3730395389357195
-0.06526016443967819 0.012098155915737152 -0.3736314130583332
-0.05265025049448013 0.007183685898780823 -0.37487595804126045
-0.05265025049448013 0.007183685898780823 -0.37487595804126045
-0.02961132489144802 -9.974539279937744E-4 -0.37496906049639284
-0.02065322734415531 -0.0032873228192329407 -0.37460646865394714
-0.014981275424361229 -0.004842817783355713 -0.37446036810108696
-0.006825605407357216 -0.0070283785462379456 -0.37405314916797894
0.0017163001466542482 -0.008875038474798203 -0.37383046621509297
0.006339512765407562 -0.00951484963297844 -0.37327828878590236
0.014459903351962566 -0.010210487991571426 -0.37186874681805016
0.02159501425921917 -0.010180633515119553 -0.36933408998113754
0.026464002206921577 -0.009814199060201645 -0.36792253278356796
0.03459296002984047 -0.00910065695643425 -0.366626131759708
0.04026656597852707 -0.008601080626249313 -0.3661785008774516
0.05397655814886093 -0.006649963557720184 -0.36736308358770897
0.07110434025526047 -0.0031355544924736023 -0.36996572790510696
0.0840156152844429 -0.0029691047966480255 -0.37174297118780447
0.0840156152844429 -0.0029691047966480255 -0.3727116658747045
0.08156771957874298 -0.0033053532242774963 -0.3746353461801651
0.07670564204454422 -0.003374144434928894 -0.37414027000066363
0.07142458856105804 -0.003300357609987259 -0.3737907483636981
0.060267385095357895 -0.00284026563167572 -0.3721303687022976
0.04558005928993225 -0.0022001340985298157 -0.373572316599378
0.03439902141690254 -0.0016730688512325287 -0.3738970427041131
0.01688705012202263 -0.0011441521346569061 -0.3744138149743277
-0.015757407993078232 2.3543089628219604E-4 -0.37524899525691496
-0.015757407993078232 2.3543089628219604E-4 -0.37524899525691496
-0.04899463430047035 0.001963350921869278 -0.376281466913716
-0.06407473981380463 0.003444485366344452 -0.37534926553268144
-0.07570312917232513 0.004630662500858307 -0.37353238528433674
-0.08153262734413147 0.0053310394287109375 -0.3718836016005611
-0.08875536918640137 0.006325080990791321 -0.3696795410460686
-0.09107250720262527 0.006818931549787521 -0.36899861758415453
-0.09213082492351532 0.007326625287532806 -0.36921557560679097
-0.09129057824611664 0.007475696504116058 -0.36963304224782917
-0.09129057824611664 0.007475696504116058 -0.36963304224782917
-0.08836115896701813 0.007063537836074829 -0.37051733675772086
-0.07916274666786194 0.005237992852926254 -0.3718288773613669
-0.07916274666786194 0.005237992852926254 -0.3735395306664157
-0.07380843907594681 0.0037642456591129303 -0.3750841325471812
-0.06746934354305267 0.0014795362949371338 -0.37487741793557827
-0.03998344764113426 -0.009760785847902298 -0.37523754919931274
-0.03998344764113426 -0.009760785847902298 -0.37523754919931274
-0.023986004292964935 -0.013760637491941452 -0.3755703815357299
-0.006773245520889759 -0.012966487556695938 -0.3751755603687417
0.02080805040895939 -0.004377193748950958 -0.37624967198434894
0.027002934366464615 -0.002310503274202347 -0.37543872998203215
0.04462683945894241 0.002800818532705307 -0.3729601304336972
0.06218446418642998 4.4094398617744446E-4 -0.37258676693882564
0.06218446418642998 4.4094398617744446E-4 -0.37258676693882564
0.07236897945404053 -0.003158602863550186 -0.37356940911260217
0.07866641134023666 -0.006462685763835907 -0.3739661789211895
0.08179643750190735 -0.007955290377140045 -0.37373467323165804
0.08522871136665344 -0.009546618908643723 -0.3741305672822491
0.08656103163957596 -0.010326903313398361 -0.3739262425599551
0.08590544015169144 -0.010494563728570938 -0.3739240967927521
0.060924455523490906 -0.00464242696762085 -0.37011047241074446
0.060924455523490906 -0.00464242696762085 -0.36956775659249547
0.018607323989272118 0.004074074327945709 -0.3719178854681821
-0.05082497373223305 0.016632765531539917 -0.3746694742895839
-0.07772193104028702 0.022170275449752808 -0.37292043559330046
-0.0789296105504036 0.022458024322986603 -0.3716590821005697
-0.07784587889909744 0.022058144211769104 -0.3712488829352296
-0.07247235625982285 0.019697729498147964 -0.3741044912969423
-0.07021427899599075 0.0188501738011837 -0.3740564935087329
-0.066195547580719 0.017542116343975067 -0.37424472497693945
-0.061509065330028534 0.015552505850791931 -0.3747562520384039
-0.0502704493701458 0.00988708809018135 -0.3758533351301339
-0.04536595940589905 0.007293224334716797 -0.376282369363231
-0.04536595940589905 0.007293224334716797 -0.37645549437615555
-0.03688819333910942 0.0034476183354854584 -0.37667001670818084
-0.027655666694045067 -1.7142295837402344E-4 -0.37638606018047227
-0.018417924642562866 -0.0033954381942749023 -0.3751438993833542
-0.01241854764521122 -0.005169663578271866 -0.37474109119394994
8.908836171030998E-4 -0.008370403200387955 -0.37390769905071336
0.00848718173801899 -0.009228814393281937 -0.37374796259240173
0.014191252179443836 -0.009198252111673355 -0.3732759838256484
0.02401944436132908 -0.008370477706193924 -0.3731466417464933
0.027926329523324966 -0.008000321686267853 -0.37229191114040194
0.027926329523324966 -0.008000321686267853 -0.37229191114040194
0.035232026129961014 -0.0065612830221652985 -0.3721343164596247
0.04129480570554733 -0.005505453795194626 -0.3727162695196807
0.04710279032588005 -0.004422448575496674 -0.3723658525640969
0.05322524532675743 -0.003694359213113785 -0.37261762258361847
0.06337092071771622 -0.0032668262720108032 -0.37269832727264823
0.08052469789981842 -0.0027219541370868683 -0.3760591947729658
0.08114979416131973 -0.0024504587054252625 -0.376419087618104
0.08028439432382584 -0.001917622983455658 -0.3772132862687121
0.07844693213701248 -0.0013862363994121552 -0.3772090107303272
0.0731794610619545 -5.606710910797119E-4 -0.3782398134570738
0.06638861447572708 -6.643719971179962E-4 -0.3787682682376426
0.035990066826343536 0.0016071461141109467 -0.3791824013095556
0.035990066826343536 0.0016071461141109467 -0.3791096114614678
0.02111336775124073 0.0031910836696624756 -0.37737134569000247
0.010389086790382862 0.004279386252164841 -0.37646583192657257
-0.006318067200481892 0.0059893690049648285 -0.3755356418402032
-0.017360487952828407 0.006975647062063217 -0.37456194036315194
-0.034422919154167175 0.008347686380147934 -0.37297109239410065
-0.046002037823200226 0.009573720395565033 -0.3712528866648154
-0.053943272680044174 0.010485567152500153 -0.3708581682663363
-0.06435307115316391 0.01119977980852127 -0.37028965916445655
-0.07006556540727615 0.011525463312864304 -0.36998090710451653
-0.07958506047725677 0.011846687644720078 -0.36927185025027104
-0.07830065488815308 0.011762674897909164 -0.36832652058414106
-0.07561925053596497 0.011330105364322662 -0.36824862844042894
-0.07561925053596497 0.011330105364322662 -0.36824862844042894
-0.07261538505554199 0.010360974818468094 -0.36896698361926467
-0.06477808207273483 0.007742900401353836 -0.3713142145305244
-0.055688146501779556 0.005787435919046402 -0.3712286222606268
-0.055688146501779556 0.005787435919046402 -0.3712286222606268
-0.046310026198625565 0.002516787499189377 -0.37183515540851275
-0.030985573306679726 -0.003297220915555954 -0.3720023987577703
-0.02080417051911354 -0.006711684167385101 -0.37596869215414214
1.4930963516235352E-5 -0.016487915068864822 -0.4131516192858114
