0.09027886390686035 2.6434659957885742E-5 -3.0312268297367777
0.06584177911281586 0.00609922781586647 -3.031633573223383
0.035750847309827805 0.005354974418878555 -3.1281348370294855
-0.01624414324760437 0.004388634115457535 3.0705171313082946
-0.02667129784822464 -0.04331852123141289 2.723637494955632
-0.026347577571868896 -0.03767116740345955 2.7172838222989983
-0.028550921007990837 -0.02896951511502266 2.729124761820779
-0.029101377353072166 -0.02511722221970558 2.7338021767148817
-0.029124559834599495 -0.011661920696496964 2.7443861734876456
-0.029006315395236015 -0.0012554638087749481 2.75027742985613
-0.029656877741217613 0.013011131435632706 2.755258237781618
-0.029236888512969017 0.02704649604856968 2.756356393756967
-0.028306415304541588 0.030736170709133148 2.7563025111580806
-0.023220879957079887 0.03627369552850723 2.75635722822199
-0.018908489495515823 0.03789035230875015 2.7588537713715406
-0.018908489495515823 0.03789035230875015 2.7588537713715406
-0.0015695153269916773 0.038989484310150146 2.756736904771615
0.009363250806927681 0.037778399884700775 2.7564326826646854
0.009363250806927681 0.037778399884700775 2.7564326826646854
0.020604349672794342 0.033901870250701904 2.756023556382944
0.030479319393634796 0.028451520949602127 2.7570159737184547
0.04122598469257355 0.021155375987291336 2.7589676423826504
0.0470554418861866 0.01578250527381897 2.7594656573154435
0.05453009530901909 0.008902393281459808 2.7594821081973993
0.058568086475133896 0.0053180791437625885 2.759080611310204
0.06513560563325882 0.00128907710313797 2.7594141589023646
0.06750677525997162 2.63996422290802E-4 2.7588965521671422
0.0712103545665741 -0.0013765133917331696 2.7585086159036782
0.07069653272628784 -0.001586075872182846 2.758289026270464
0.06120054051280022 -0.0017164796590805054 2.757798241625388
0.06120054051280022 -0.0017164796590805054 2.757798241625388
0.0368151031434536 -6.393864750862122E-4 2.7569176426034727
0.0034005260095000267 0.0023585595190525055 2.7556703213163987
-0.014257924631237984 0.0038762614130973816 2.7541904713802405
-0.02995823509991169 0.005341582000255585 2.753242280691152
-0.0391625352203846 0.0060749351978302 2.7528945471935424
-0.05040145292878151 0.006087016314268112 2.7526216771297523
-0.05414651706814766 0.00594976544380188 2.752396729200374
-0.058823466300964355 0.005711730569601059 2.7519742789450525
-0.06129290908575058 0.005755085498094559 2.7523931141426443
-0.06463826447725296 0.005070850253105164 2.752482044272653
-0.06470069289207458 0.004475485533475876 2.751721131377451
-0.06470069289207458 0.004475485533475876 2.751721131377451
-0.06378680467605591 0.004431042820215225 2.7508605595161963
-0.06159283220767975 0.004448961466550827 2.751069711548004
-0.05810407176613808 0.003363505005836487 2.750921710227745
-0.05810407176613808 0.003363505005836487 2.750921710227745
-0.04881410673260689 -0.01195916160941124 2.7521254856336386
-0.04777630418539047 -0.01540689542889595 2.750646932815335
-0.04691772907972336 -0.0159023217856884 2.7504058916318526
-0.040468815714120865 -0.016503702849149704 2.7495749717451115
-0.03496105223894119 -0.015620049089193344 2.7495170799083506
-0.02270304039120674 -0.012665223330259323 2.750444647390338
-0.02270304039120674 -0.012665223330259323 2.750444647390338
-0.01262567937374115 -0.010335084050893784 2.750677463132833
0.008935232646763325 -0.005399532616138458 2.7498323884791924
0.02537405677139759 -0.0012647844851016998 2.74978426913414
0.0338989794254303 9.74651426076889E-4 2.749833503905758
0.04617014154791832 0.0026080943644046783 2.750767389480094
0.053359754383563995 0.0027990564703941345 2.751481929961664
0.06672441214323044 0.0028857961297035217 2.7535356676020326
0.07820871472358704 0.0020170025527477264 2.7537458335795155
0.08263015747070312 0.0015026256442070007 2.753387443290176
0.09347803145647049 3.5439059138298035E-4 2.752352790511527
0.09777557104825974 0.0010165683925151825 2.7518839403757083
0.09949649125337601 0.0030997805297374725 2.751465515769388
0.08966798335313797 0.003490481525659561 2.7502111956247415
0.07299715280532837 0.003957435488700867 2.74917371717778
0.057788386940956116 0.004746649414300919 2.7480897711257235
0.03313642740249634 0.005653414875268936 2.7467128145405244
0.018078835681080818 0.006246455013751984 2.746028791637084
-0.006749223917722702 0.006804026663303375 2.743975888461731
-0.019924184307456017 0.006641987711191177 2.743494998187667
-0.04176236689090729 0.006052188575267792 2.743396412105229
-0.05568361282348633 0.005801033228635788 2.7445949491789134
-0.06296456605195999 0.005433320999145508 2.7454430751903405
-0.08137926459312439 0.003549136221408844 2.7473852329357222
-0.08918874710798264 0.0021225959062576294 2.7483707361324208
-0.09623319655656815 -2.56173312664032E-4 2.748051493654997
-0.09812502562999725 -0.0031289979815483093 2.7468658380611326
-0.09790021926164627 -0.004480231553316116 2.746315964942634
-0.0967392772436142 -0.006083298474550247 2.745370949195416
-0.09261111170053482 -0.008777644485235214 2.744183267043624
-0.0887894257903099 -0.010769803076982498 2.7440422424540936
-0.08022061735391617 -0.013932067900896072 2.744086826728378
-0.07718141376972198 -0.015031840652227402 2.744074667380852
-0.07071330398321152 -0.017907116562128067 2.7437435135338877
-0.0633694976568222 -0.01905548945069313 2.743633635539379
-0.05997506529092789 -0.018983203917741776 2.7433796005433293
-0.053441986441612244 -0.018374409526586533 2.743115194339124
-0.045603908598423004 -0.016899269074201584 2.743372209567377
-0.024049976840615273 -0.012685101479291916 2.7444436626618685
-0.014059741050004959 -0.010378096252679825 2.7448171453660346
0.0022428417578339577 -0.006089448928833008 2.7454624248212305
0.011864522472023964 -0.0033722445368766785 2.745232307987563
0.027025330811738968 7.111094892024994E-4 2.745783174114566
0.035617489367723465 0.0019480995833873749 2.745888078289372
0.04747937247157097 0.0033699199557304382 2.7467953801921494
0.05863326042890549 0.0028381124138832092 2.7463407159617996
0.06299351155757904 0.001987796276807785 2.7454873148743477
0.06915981322526932 3.126375377178192E-4 2.7466891523709607
0.07869140058755875 -0.0017238520085811615 2.74755318130162
0.08242081105709076 -0.0020259730517864227 2.747299384724165
0.0889139398932457 -0.0015386641025543213 2.74758620227483
0.09846033900976181 0.001979820430278778 2.7471711155286247
0.10092663019895554 0.004975896328687668 2.7458228194985423
0.09652817994356155 0.01003064215183258 2.743731296715678
0.0894913524389267 0.011959899216890335 2.7428176767205454
0.0733991488814354 0.013408899307250977 2.741554535088457
0.06097768619656563 0.014256678521633148 2.741133011040609
0.035368744283914566 0.01528165116906166 2.7405490047311027
0.0073877424001693726 0.014810353517532349 2.740976541780322
-0.008426940068602562 0.014332897961139679 2.74091744941006
-0.008426940068602562 0.014332897961139679 2.7415833525014968
-0.03321759030222893 0.012202009558677673 2.743605857308012
-0.041953254491090775 0.011162333190441132 2.7444665483785737
-0.041953254491090775 0.011162333190441132 2.7444665483785737
-0.07774901390075684 0.004471298307180405 2.7458587936712386
-0.08613935858011246 7.849819958209991E-4 2.744110065707521
-0.0885355994105339 -0.0010974109172821045 2.744022070813505
-0.09044107794761658 -0.005061648786067963 2.7426781052831104
-0.08982789516448975 -0.008454408496618271 2.7414241427663235
-0.08528599888086319 -0.012187834829092026 2.741203247952792
-0.08269207179546356 -0.013314325362443924 2.7410926217320926
-0.07772911339998245 -0.014855798333883286 2.7416712994338264
-0.06771378219127655 -0.016424652189016342 2.7419846735317672
-0.06771378219127655 -0.016424652189016342 2.7419846735317672
-0.06001667678356171 -0.01762588694691658 2.741366930993324
-0.05534478276968002 -0.01776791736483574 2.740816660912761
-0.04809223860502243 -0.01655091717839241 2.740050025971655
-0.03912162408232689 -0.012952011078596115 2.739188294244192
-0.03038717620074749 -0.009033653885126114 2.7400741684039853
-0.01287246122956276 -0.0024256445467472076 2.740173350532901
-0.006543999537825584 -9.409114718437195E-4 2.740205298622502
0.014382091350853443 0.00330275297164917 2.7416702615817967
0.02076721377670765 0.004330549389123917 2.7421901332935366
0.03625550866127014 0.006572753190994263 2.742333303650283
0.05090155825018883 0.007638223469257355 2.7420009976638235
0.058166150003671646 0.007870931178331375 2.7417020109737917
0.06513410806655884 0.007641628384590149 2.741752317293987
0.07596123218536377 0.007384978234767914 2.7432137039745887
0.08087484538555145 0.007605556398630142 2.743281414851048
0.08842997252941132 0.008757229894399643 2.7438042667950184
0.09233520179986954 0.009567469358444214 2.7441781331938953
0.09449207037687302 0.009986426681280136 2.743812440768871
0.09894115477800369 0.011973831802606583 2.7435446967045425
0.09883666783571243 0.01288476213812828 2.7433067549625862
0.09138385951519012 0.01491466537117958 2.7428485144535504
0.0860297828912735 0.015539519488811493 2.741717575923585
0.0671214684844017 0.016373567283153534 2.7406072606007026
0.050221607089042664 0.017071448266506195 2.7415028504833727
0.034029871225357056 0.017061404883861542 2.7409949948977537
-0.0017673952970653772 0.017826572060585022 2.741841976900001
-0.016539154574275017 0.01808704063296318 2.742571537752058
-0.033184390515089035 0.01809222251176834 2.7430627992342957
-0.056288689374923706 0.017592929303646088 2.743231838006877
-0.07112007588148117 0.01658584550023079 2.7429027873364893
-0.08872994035482407 0.015842750668525696 2.742614424574602
-0.09610284119844437 0.015085693448781967 2.742851770270106
-0.10175615549087524 0.012831781059503555 2.7430282000186343
-0.10097707808017731 0.011110518127679825 2.7426717642428873
-0.09486062824726105 0.008659474551677704 2.7425225142123746
-0.09133241325616837 0.007431183010339737 2.742402293827918
-0.08035891503095627 0.00479435920715332 2.741633603689322
-0.07065831124782562 0.002848375588655472 2.7409359909268827
-0.0658569410443306 0.0013879649341106415 2.740324685690056
-0.05895058065652847 -0.0014230571687221527 2.740562865850587
-0.05628699064254761 -0.002620995044708252 2.740899036047109
-0.052405837923288345 -0.004401836544275284 2.741755957644867
-0.052405837923288345 -0.004401836544275284 2.7406019369768844
-0.04812048748135567 -0.006426338106393814 2.741114239339275
-0.044584598392248154 -0.00784437358379364 2.7411144777578427
-0.0415029376745224 -0.008882168680429459 2.741012196187408
-0.028385164216160774 -0.009921293705701828 2.741152147893345
-0.028385164216160774 -0.009921293705701828 2.741152147893345
-0.013762131333351135 -0.010287981480360031 2.740874837594363
0.0030033269431442022 -0.011191446334123611 2.73991697611652
0.012518645264208317 -0.011392567306756973 2.739252622745842
0.023654399439692497 -0.010995548218488693 2.738531168125484
0.029834600165486336 -0.010468032211065292 2.738491709850643
0.03844410181045532 -0.009166445583105087 2.7387430030330284
0.04683529585599899 -0.007211890071630478 2.7394554193219984
0.054072305560112 -0.004632372409105301 2.7412867538272576
0.06738968938589096 0.0010181441903114319 2.7449694864093503
0.07217926532030106 0.0036135241389274597 2.7452588073550777
0.07217926532030106 0.0036135241389274597 2.7452588073550777
0.07845749706029892 0.006608851253986359 2.7460352327636635
0.08116745948791504 0.007314357906579971 2.7468089737042103
0.0777866393327713 0.003167238086462021 2.744144169245599
0.05627596750855446 0.0024428032338619232 2.74375721589172
0.032288968563079834 0.0022706538438796997 2.7432754911526382
0.02319277822971344 0.0025288760662078857 2.7425441421612398
0.009515706449747086 0.0033445023000240326 2.741111484919436
-0.016766147688031197 0.0031678713858127594 2.7392124178749366
-0.034529801458120346 0.001730170100927353 2.7388844813714024
-0.04003741219639778 0.0017170719802379608 2.739079865396983
-0.04775591194629669 0.0015583150088787079 2.7388632621178624
-0.052257705479860306 0.0014366507530212402 2.738526138247018
-0.06040630489587784 0.0016087479889392853 2.7374496783623834
-0.0635412186384201 0.0029935017228126526 2.738097169984056
-0.062040723860263824 0.005784202367067337 2.739394436218533
-0.06087096035480499 0.007054522633552551 2.7395000556490667
-0.05823630094528198 0.008042357861995697 2.7398738959811024
-0.04966180399060249 0.005774363875389099 2.740635404922751
-0.040724992752075195 0.0015941634774208069 2.741036186554222
-0.03650959953665733 -0.0013720057904720306 2.740759267405549
-0.03331972658634186 -0.00739838182926178 2.7417896066524685
-0.03315001353621483 -0.009642284363508224 2.742160228333666
-0.03356298431754112 -0.01476265862584114 2.7423910175182433
-0.032788172364234924 -0.01578456535935402 2.7422765766002706
-0.028289111331105232 -0.017497140914201736 2.742063430390563
-0.02333187311887741 -0.017718981951475143 2.7410319549492903
-0.011707010678946972 -0.016552377492189407 2.7413576711971612
0.001200954895466566 -0.014124039560556412 2.7416603703616036
0.010061733424663544 -0.012390006333589554 2.742127909195217
0.030251922085881233 -0.007281750440597534 2.7425981898424965
0.04175702482461929 -0.004242539405822754 2.7426780600664817
0.049564164131879807 -0.003021650016307831 2.7429629498391823
0.05986342951655388 -0.002356376498937607 2.7436887195977846
0.06365837901830673 -0.0019832737743854523 2.744604962197284
0.07386437058448792 -6.625764071941376E-4 2.7461571863565286
0.07714547216892242 -3.739558160305023E-4 2.7461228540811375
0.08464384824037552 7.985904812812805E-4 2.7442331484231652
0.08861095458269119 0.0012566857039928436 2.7427307801243104
0.0900445282459259 0.0015862435102462769 2.741664213223931
0.0900445282459259 0.0015862435102462769 2.741664213223931
0.08846215158700943 0.0018303953111171722 2.7401745739417103
0.07007981091737747 0.0022599883377552032 2.7399073067145343
0.04926753789186478 0.0036935098469257355 2.739953321500291
0.0344393290579319 0.004716161638498306 2.740845540128415
0.006750140339136124 0.006602253764867783 2.7405006984124496
-0.002518237801268697 0.007214248180389404 2.740348825777548
-0.02271931804716587 0.00828392431139946 2.7412048676858145
-0.0332476906478405 0.008393000811338425 2.7410318950066803
-0.04929862171411514 0.0082913339138031 2.7412417033562892
-0.058232516050338745 0.008148785680532455 2.741098294580964
-0.0708324983716011 0.007710367441177368 2.7399973281579904
-0.07311315834522247 0.007814962416887283 2.7402862219629065
-0.07513921707868576 0.008257340639829636 2.739814868432021
-0.07588145136833191 0.008677694946527481 2.7393597273645116
-0.07539387792348862 0.00924837589263916 2.739155402642222
-0.07221006602048874 0.00930016115307808 2.7391278652963464
-0.06931114941835403 0.00830395519733429 2.739370100006723
-0.06295862048864365 0.004983585327863693 2.7398637102012775
-0.05313119292259216 -0.003608468919992447 2.7397048042183094
-0.05092616006731987 -0.00621139258146286 2.7401023671989653
-0.04510841891169548 -0.014127101749181747 2.7417584226494047
-0.04332945868372917 -0.01645372435450554 2.742109374797834
-0.037245504558086395 -0.021153535693883896 2.742572492776337
-0.02745216339826584 -0.023242127150297165 2.7422712978252464
-0.020036837086081505 -0.02308560535311699 2.7423467573055267
-0.004919345490634441 -0.020379777997732162 2.7425992425807917
9.045784827321768E-4 -0.018759284168481827 2.7424074348338947
0.00942438654601574 -0.016099389642477036 2.74248051012841
0.01502988487482071 -0.014074180275201797 2.742706337934422
0.022997722029685974 -0.010982785373926163 2.742580990122468
0.0300988107919693 -0.008212793618440628 2.742646674441013
0.03708108514547348 -0.005539879202842712 2.743170360850013
0.06320242583751678 -0.0011496096849441528 2.7450800936686184
0.06848344951868057 -0.0011512041091918945 2.74524436406961
0.08121367543935776 -9.174533188343048E-4 2.7450669806467514
0.09114310890436172 4.205256700515747E-4 2.743204277520776
0.09573925286531448 0.002149287611246109 2.74284450344896
0.0974903330206871 0.004848845303058624 2.741484683083054
0.0948324203491211 0.006139080971479416 2.741014879272928
0.08316168934106827 0.007590640336275101 2.7416272573933553
0.0772024542093277 0.007889609783887863 2.7419119291768044
0.06461527198553085 0.008159980177879333 2.7428015813225124
0.04264049232006073 0.008864525705575943 2.7417890803948493
0.03367157280445099 0.00898648053407669 2.741185285343263
0.00776277482509613 0.009759996086359024 2.7400660293236645
-0.006547693163156509 0.010089069604873657 2.740012861980521
-0.027502045035362244 0.010952867567539215 2.7396635787621424
-0.04833954945206642 0.011587880551815033 2.7397793859207282
-0.058752693235874176 0.011879287660121918 2.7405113944829003
-0.07194403558969498 0.012137152254581451 2.7418602475941594
-0.07560999691486359 0.012200340628623962 2.7420149812520056
-0.08299634605646133 0.011461138725280762 2.7414115438283053
-0.08410772681236267 0.010836459696292877 2.741093255025196
-0.08451347798109055 0.00899486243724823 2.7410568484829154
-0.0814155638217926 0.0067608170211315155 2.739793404839614
-0.07804512232542038 0.005275953561067581 2.7397576420527443
-0.07227016240358353 0.0021124891936779022 2.739732012055491
-0.07227016240358353 0.0021124891936779022 2.739732012055491
-0.06517679989337921 -0.0037730857729911804 2.7389501183253335
-0.0626910850405693 -0.00568094477057457 2.7392268391543952
-0.05477268621325493 -0.010581452399492264 2.73908677801348
-0.04552890732884407 -0.012862969189882278 2.7389778207228344
-0.03877100348472595 -0.013324040919542313 2.7388425181791844
-0.025430720299482346 -0.013801392167806625 2.7382628034041008
-0.009639034047722816 -0.013882424682378769 2.7381092618391545
3.506746143102646E-4 -0.01344267651438713 2.7379571507856872
0.01605878956615925 -0.011883210390806198 2.7374315844640646
0.025046098977327347 -0.010668795555830002 2.7373207109939353
0.03898068517446518 -0.007623251527547836 2.738732745028676
0.044909123331308365 -0.006001755595207214 2.739275981761158
0.05428396537899971 -0.003005918115377426 2.739777495242304
0.058437105268239975 -9.783841669559479E-4 2.7405671375762863
0.061039216816425323 -1.1003762483596802E-4 2.7414253405097755
0.06845857948064804 0.0023827403783798218 2.7420308520516126
0.07206788659095764 0.00340300053358078 2.7422149111946785
0.07797318696975708 0.004950229078531265 2.741758101197121
0.0857965350151062 0.007224585860967636 2.7417409350594233
0.08984621614217758 0.008591949939727783 2.7421919038017983
0.08930787444114685 0.009763885289430618 2.7410973437973514
0.07810749858617783 0.010244611650705338 2.741654124718196
0.0593988299369812 0.010705418884754181 2.7422206072621322
0.047127220779657364 0.010472357273101807 2.7417328028492958
0.020251983776688576 0.009134069085121155 2.739746060829651
0.0038650555070489645 0.009018965065479279 2.7386616139225977
-0.022212224081158638 0.009289063513278961 2.739425349351368
-0.03633567690849304 0.00917736440896988 2.739421471458842
-0.05661821737885475 0.008446123450994492 2.7402975405277528
-0.06306355446577072 0.008089624345302582 2.7406302536548974
-0.07258162647485733 0.00743098184466362 2.7407059515537644
-0.0830821692943573 0.007652699947357178 2.7409344757618195
-0.08680983632802963 0.00815080851316452 2.740474767055714
-0.08680983632802963 0.00815080851316452 2.740474767055714
-0.08675486594438553 0.007212795317173004 2.7411717837717204
-0.08443630486726761 0.00608237087726593 2.741424269046985
-0.07618559896945953 8.230321109294891E-4 2.741258806553087
-0.07076877355575562 -0.0029293447732925415 2.7412528460886048
-0.06524383276700974 -0.007560271769762039 2.7410336395743737
-0.061619773507118225 -0.011254128068685532 2.741370860215034
-0.056802622973918915 -0.016843270510435104 2.7408220206459486
-0.05018813535571098 -0.023756954818964005 2.740419093247267
-0.04593609645962715 -0.02639024332165718 2.7402322922905453
-0.030670857056975365 -0.026466961950063705 2.7404733334740166
-0.025610098615288734 -0.02577836439013481 2.74114063749965
-0.009201686829328537 -0.022936556488275528 2.7427848182314056
0.0067438604310154915 -0.019067320972681046 2.7420547610059662
0.015568369999527931 -0.01618960127234459 2.7420683508649755
0.021570799872279167 -0.013897877186536789 2.7422477608457374
0.021570799872279167 -0.013897877186536789 2.7422477608457374
0.043531715869903564 -0.0036721155047416687 2.7423601752057887
0.05829440429806709 0.0036557242274284363 2.7410635917742106
0.06138066574931145 0.0043443962931632996 2.7412526795385297
0.0677393451333046 0.005091067403554916 2.742537159633444
0.07173795253038406 0.005576170980930328 2.7439745852468462
0.07797073572874069 0.005772199481725693 2.7446984240529955
0.08075164258480072 0.005441106855869293 2.744211096477315
0.08894192427396774 0.005136515945196152 2.742825584048732
0.0925397276878357 0.005537495017051697 2.74227017031233
0.09473270922899246 0.006540779024362564 2.742713748078743
0.09349153935909271 0.006638605147600174 2.742866812806535
0.08810576051473618 0.006783496588468552 2.7422711239866486
0.07198508083820343 0.007616434246301651 2.7404544936231834
0.058815691620111465 0.007309507578611374 2.739462823023674
0.058815691620111465 0.007309507578611374 2.7398462538092465
0.019134320318698883 0.007855769246816635 2.739772471440159
-0.006981905549764633 0.00836377963423729 2.7396083202484465
-0.030895857140421867 0.007065758109092712 2.7397077407959385
-0.04119531437754631 0.006101951003074646 2.739590915692179
-0.04760182648897171 0.005434896796941757 2.7394752826813002
-0.06329016387462616 0.0036580562591552734 2.739393421655571
-0.07180779427289963 0.0030501075088977814 2.73890035824645
-0.07439228147268295 0.0029536746442317963 2.738550359772322
-0.0788315013051033 0.002646099776029587 2.738113457726123
-0.07959159463644028 0.0017660856246948242 2.738342577980643
-0.0780215635895729 -0.0010010488331317902 2.7394129581915196
-0.07648102194070816 -0.0023756250739097595 2.739782369858643
-0.06833057105541229 -0.008185263723134995 2.7396465329400312
-0.0652778372168541 -0.010282289236783981 2.739526846813329
-0.060992687940597534 -0.013233799487352371 2.7395607022515667
-0.060992687940597534 -0.013233799487352371 2.7395607022515667
-0.05131350830197334 -0.021525394171476364 2.739737132000092
-0.045934826135635376 -0.02628825232386589 2.739673009719157
-0.03707120567560196 -0.028090301901102066 2.7387920777466994
-0.026295943185687065 -0.02547607198357582 2.737871305194199
-0.020082581788301468 -0.022231828421354294 2.7377603213456387
-0.0064112283289432526 -0.016078170388936996 2.73846735164197
-0.0013042010832577944 -0.013924013823270798 2.7390039126542316
0.010428561829030514 -0.009402301162481308 2.7398421923783465
0.016297942027449608 -0.007143218070268631 2.7420227113591458
0.026387102901935577 -0.004073377698659897 2.741953193749192
0.031628288328647614 -0.003382764756679535 2.7416144009482792
0.03734542429447174 -0.0038831569254398346 2.7408280964743925
0.04551931470632553 -0.0059346966445446014 2.73976510723948
0.048817358911037445 -0.007049873471260071 2.7396923895728453
0.054137974977493286 -0.009031247347593307 2.7395262812941548
0.054137974977493286 -0.009031247347593307 2.7395262812941548
0.05867259204387665 -0.010277312248945236 2.7406481599181154
0.06788341701030731 -0.01153230294585228 2.7414168214171535
0.08385958522558212 -0.007110562175512314 2.740884671148579
0.08724791556596756 -0.0020181387662887573 2.7389628981917284
0.08544791489839554 0.004820786416530609 2.7381181898768814
0.08141309767961502 0.007631339132785797 2.738263755636079
0.07627960294485092 0.009151499718427658 2.7381354864405316
0.059669218957424164 0.01118217408657074 2.73809853156076
0.041826676577329636 0.012455426156520844 2.737749963598111
0.030656246468424797 0.012795217335224152 2.7368321712778583
0.022694844752550125 0.012800078839063644 2.7360295351313177
-0.0019686741288751364 0.00972886011004448 2.7365187408042013
-0.016050372272729874 0.006433214992284775 2.7380436862701796
-0.016050372272729874 0.006433214992284775 2.7380436862701796
-0.028277846053242683 0.003532975912094116 2.739242454885899
-0.03296399861574173 0.0026319362223148346 2.739868422865333
-0.04384453222155571 0.0011373981833457947 2.740677138685643
-0.0500059649348259 -0.0010959617793560028 2.741447841381211
-0.05028345435857773 -0.004233315587043762 2.7415136477067548
-0.04857536777853966 -0.006407313048839569 2.7415079256608577
-0.04373617097735405 -0.010757680982351303 2.7414863487794308
-0.04044584557414055 -0.013400021940469742 2.7408318897798045
-0.035394106060266495 -0.016941215842962265 2.739661492974991
-0.032349035143852234 -0.019132617861032486 2.7398984262252895
-0.029018471017479897 -0.02120186761021614 2.7398781894535884
-0.028003254905343056 -0.021645884960889816 2.7409724115223653
-0.02783988229930401 -0.020685847848653793 2.7418171285481265
-0.028356144204735756 -0.019719574600458145 2.741630566009977
-0.02963920868933201 -0.015983518213033676 2.7412679313511643
-0.029806585982441902 -0.013150852173566818 2.7410159203390325
-0.029806585982441902 -0.013150852173566818 2.7411194890864388
-0.028782518580555916 -0.010304812341928482 2.741064203729462
-0.024655284360051155 -0.0062224529683589935 2.7411439547441767
-0.02012750878930092 -0.0038895010948181152 2.74137951230032
-0.02012750878930092 -0.0038895010948181152 2.74137951230032
-0.009517877362668514 -2.2875145077705383E-4 2.7423250415263665
-0.0057564666494727135 5.826093256473541E-4 2.7421160522636883
0.005489812232553959 0.0019515343010425568 2.741631745915322
0.005489812232553959 0.0019515343010425568 2.741631745915322
0.017948472872376442 0.0025859735906124115 2.7421709295319525
0.017948472872376442 0.0025859735906124115 2.7421709295319525
0.03552395477890968 9.224154055118561E-4 2.7416698928879737
0.04587983712553978 -0.001578003168106079 2.7418245220647344
0.05512551590800285 -0.0027339383959770203 2.7405953086089707
0.058270666748285294 -0.00287642702460289 2.7402095473479764
0.058270666748285294 -0.00287642702460289 2.7402095473479764
0.06637135148048401 -0.0015114173293113708 2.738706675834604
0.06637135148048401 -0.0015114173293113708 2.738706675834604
0.07052922248840332 1.9286200404167175E-4 2.7396504071039374
0.0724094957113266 0.0016597621142864227 2.739866713462249
0.07455208152532578 0.004439525306224823 2.7398541964868492
0.0754806250333786 0.008301205933094025 2.7392082013467696
0.0746845006942749 0.010394278913736343 2.7392113007882966
0.06951119005680084 0.014851726591587067 2.7385568417886543
0.06448519229888916 0.016858413815498352 2.737626698289803
0.05999402701854706 0.017805971205234528 2.7377504445921286
0.04529934376478195 0.01977619156241417 2.736650858105322
0.034828267991542816 0.02042626589536667 2.7356785871397418
0.014731422066688538 0.020714208483695984 2.7354010679136627
0.006807180121541023 0.020516492426395416 2.7361165620695393
-0.011204053647816181 0.019042380154132843 2.7377768346371116
-0.02005845308303833 0.018441691994667053 2.7393305688625076
-0.02804218791425228 0.017689455300569534 2.739931742270921
-0.03627272695302963 0.016554780304431915 2.740358392318223
-0.041602082550525665 0.015711836516857147 2.740681091865038
-0.048997946083545685 0.014624420553445816 2.740878621657833
-0.05585093796253204 0.013279903680086136 2.7412212291560074
-0.05974505841732025 0.011745516210794449 2.741636746614843
-0.06112801283597946 0.010464955121278763 2.741370575814137
-0.061283111572265625 0.008055020123720169 2.7412421874092923
-0.0576888807117939 0.004420123994350433 2.7410662344979277
-0.0552898533642292 0.002856362611055374 2.740971582322021
-0.051301438361406326 6.126128137111664E-4 2.741318894062001
-0.04718911275267601 -0.0015128925442695618 2.742696000695571
-0.03601262345910072 -0.010403607040643692 2.7412646981319067
-0.026934880763292313 -0.004841085523366928 2.7408034773906316
0.0022446904331445694 0.0018774159252643585 2.7400726052363984
0.023700762540102005 0.004296045750379562 2.7422587843974733
0.028679976239800453 0.004967354238033295 2.742703077419626
0.04183990880846977 0.006088152527809143 2.7422087909617616
0.050190553069114685 0.006206478923559189 2.7421782578386744
0.06412969529628754 0.005799494683742523 2.742782768145987
0.06412969529628754 0.005799494683742523 2.742782768145987
0.07237759232521057 0.005787663161754608 2.742809471026842
0.0826919749379158 0.005442056804895401 2.742629822627483
0.08609114587306976 0.005387060344219208 2.742477214644244
0.08970256894826889 0.005479313433170319 2.742602327067454
0.09096258878707886 0.005909044295549393 2.742796280581563
0.07371919602155685 0.008803900331258774 2.7424168374129096
0.05434570834040642 0.01007784903049469 2.741871454913223
0.04634067788720131 0.010526839643716812 2.7418780114241557
0.023653404787182808 0.010887380689382553 2.7420427266321377
0.007918712683022022 0.010139178484678268 2.740891986709777
-0.011130886152386665 0.008855350315570831 2.740118914467046
-0.022471493110060692 0.008009489625692368 2.7396814163744043
-0.042097751051187515 0.005291543900966644 2.739607268196301
-0.0480765774846077 0.004261821508407593 2.7397850092470057
-0.056448571383953094 0.0027122870087623596 2.740526014190859
-0.06931960582733154 -6.971806287765503E-4 2.741632925023442
-0.07283185422420502 -0.0020079612731933594 2.741373671808597
-0.0787753015756607 -0.00607411190867424 2.7409923212913276
-0.08034925162792206 -0.009298104792833328 2.74045063427962
-0.08034925162792206 -0.009298104792833328 2.74045063427962
-0.08025472611188889 -0.012533020228147507 2.7397341864494162
-0.0777553841471672 -0.017964471131563187 2.738754328427078
-0.06005585938692093 -0.02892768755555153 2.7428506499653347
-0.043463099747896194 -0.03229321911931038 2.7475327140217467
-0.032763343304395676 -0.031665753573179245 2.750240076196725
-0.032763343304395676 -0.031665753573179245 2.750240076196725
-0.032763343304395676 -0.031665753573179245 2.750240076196725
-0.010612420737743378 -0.011474836617708206 2.757040902035695
-0.010612420737743378 -0.011474836617708206 2.757040902035695
-0.010612420737743378 -0.011474836617708206 2.757040902035695
-0.01180529035627842 0.011465825140476227 2.7606200997754837
-0.016376126557588577 0.020007126033306122 2.7602056090757157
-0.01880687288939953 0.022919494658708572 2.759956580869839
-0.020146973431110382 0.024120450019836426 2.7597672278955043
-0.020146973431110382 0.024120450019836426 2.759653613101071
-0.021668680012226105 0.02481125108897686 2.7604580352794725
-0.02190261147916317 0.022951940074563026 2.759370369721623
-0.0161463413387537 0.013694088906049728 2.749092860032294
-0.0161463413387537 0.013694088906049728 2.749092860032294
-0.005597062408924103 0.00774865597486496 2.741499109078608
2.3045996204018593E-4 0.005440019071102142 2.7378285505208977
0.008030193857848644 0.002816431224346161 2.7320656670486243
0.008030193857848644 0.002816431224346161 2.7320656670486243
0.01935763657093048 0.0012502409517765045 2.7639564169799593
0.021169474348425865 0.0026354826986789703 2.812502373591593
0.02190329134464264 0.006118617951869965 2.906456340686007
0.022122249007225037 0.008285094052553177 2.963182575984495
0.021506937220692635 0.013499177992343903 3.110847079938357
0.02089676260948181 0.015258055180311203 -3.1162097253491403
0.02075333707034588 0.018340151757001877 -3.0292478599240336
0.02075333707034588 0.018340151757001877 -3.0292478599240336
0.022934027016162872 0.021713387221097946 -2.8985593118359567
0.026439301669597626 0.0191497802734375 -2.8417345617597385
0.028583388775587082 0.01727217063307762 -2.829221217108512
0.042354509234428406 0.005847308784723282 -2.792052714300887
0.048398710787296295 8.322298526763916E-5 -2.7810649556644234
0.05005226656794548 -0.0021634921431541443 -2.7809118909366286
0.05331844836473465 -0.007755521684885025 -2.779006688071029
0.05399058759212494 -0.009863968938589096 -2.772141771267922
0.05300474911928177 -0.011917557567358017 -2.7660170306054344
0.051256630569696426 -0.013634603470563889 -2.764835762001936
0.04646439477801323 -0.01624402031302452 -2.7655455341119337
0.04317401722073555 -0.01723424717783928 -2.766592430092775
0.03717903420329094 -0.016834978014230728 -2.765297340371082
0.0338924266397953 -0.015724409371614456 -2.756622241951895
0.019311171025037766 -0.004264768213033676 -2.6578484865908267
0.013038674369454384 0.0023448728024959564 -2.6042371553159978
0.003803163068369031 0.011394355446100235 -2.5315068525053377
-0.003185032634064555 0.015894800424575806 -2.499172047970419
-0.004767018370330334 0.01652451604604721 -2.476840571758876
-0.008362921886146069 0.019649162888526917 -2.430663111146738
-0.014032326638698578 0.02714710496366024 -2.3399161226766445
-0.018597519025206566 0.03625904768705368 -2.225162399532119
-0.020057756453752518 0.040948688983917236 -2.1531850225942435
-0.020673837512731552 0.04220547527074814 -2.1079183943288493
-0.01979110576212406 0.038602910935878754 -2.074243438960803
-0.01856209710240364 0.03645250201225281 -2.0671207316804523
-0.013752734288573265 0.02866586484014988 -2.0528062402783984
-0.01219242811203003 0.026906749233603477 -2.037318092542808
-0.007035776972770691 0.0276775062084198 -1.9296361028730122
-0.005307778716087341 0.028978899121284485 -1.8849693357526502
-0.0021441106218844652 0.03167012333869934 -1.8140483915387928
-1.6397004947066307E-4 0.03337608650326729 -1.7657300971517205
0.002468918915838003 0.03539782389998436 -1.6936518397800686
0.012845739722251892 0.03645067662000656 -1.4406906810276263
0.014453213661909103 0.03538168966770172 -1.393148347424717
0.01818319410085678 0.031696904450654984 -1.244410916852217
0.019428370520472527 0.030425788834691048 -1.1934601512424756
0.021474886685609818 0.028468232601881027 -1.1183005763641944
0.023773258551955223 0.023992329835891724 -0.9845147621966972
0.025177134200930595 0.019626524299383163 -0.8583961022235294
0.025841012597084045 0.017280377447605133 -0.7831705105640002
0.026569286361336708 0.011542782187461853 -0.6554785263873557
0.026596132665872574 0.008852124214172363 -0.6074004662372008
0.027011537924408913 0.0018100142478942871 -0.5348216784335611
0.027498964220285416 -0.004795640707015991 -0.47087764429890644
0.027856361120939255 -0.009700331836938858 -0.4568946142945222
0.027295654639601707 -0.016499053686857224 -0.43405530650949853
0.026298629119992256 -0.02844785526394844 -0.4118059654984458
0.026298629119992256 -0.02844785526394844 -0.4118059654984458
0.025007866322994232 -0.04798393324017525 -0.4211977501664179
0.022730281576514244 -0.05029796436429024 -0.4291510557337359
0.017872033640742302 -0.048677656799554825 -0.43968216410907596
0.014798405580222607 -0.04568525031208992 -0.44308248988421967
0.007533062715083361 -0.0377056710422039 -0.4471747063759116
-2.424744889140129E-4 -0.03018208220601082 -0.4480675839546475
-0.003331637242808938 -0.027355294674634933 -0.44974855414661735
-0.009222537279129028 -0.02181996777653694 -0.45144990945984775
-0.012136196717619896 -0.019358646124601364 -0.45273989327928454
-0.016037384048104286 -0.015721876174211502 -0.45348757394334294
-0.01813538931310177 -0.013866264373064041 -0.4562775481559867
-0.020838407799601555 -0.011121992021799088 -0.45800691731951076
-0.02217554859817028 -0.009653512388467789 -0.4584974635460213
-0.02451610192656517 -0.008255153894424438 -0.45862307217161247
-0.02599162608385086 -0.00771486759185791 -0.45897470900253035
-0.028228214010596275 -0.006547313183546066 -0.4598498243971261
-0.029376229271292686 -0.005813069641590118 -0.4602947134657334
-0.032547928392887115 -0.004657190293073654 -0.4620803494139089
-0.03695420175790787 -0.006114538758993149 -0.461484302966154
-0.038378722965717316 -0.007169857621192932 -0.4605505182317011
-0.0412466935813427 -0.00940641388297081 -0.46073778992365083
-0.04250848665833473 -0.010433319956064224 -0.46120258694361904
-0.04242641478776932 -0.011217337101697922 -0.4607272995061843
-0.040869198739528656 -0.01110505685210228 -0.45966609841059397
-0.038708411157131195 -0.01039845123887062 -0.459581806059842
-0.03749841824173927 -0.010006044059991837 -0.45981343234998673
-0.03510935977101326 -0.009392227977514267 -0.46033056224805247
-0.03357844054698944 -0.009594622999429703 -0.46048887218457896
-0.029543841257691383 -0.00930539146065712 -0.4603343769453096
-0.023122038692235947 -0.008427243679761887 -0.45968563999158946
-0.017890041694045067 -0.007999543100595474 -0.4591167976613396
-0.012952243909239769 -0.007980059832334518 -0.45978471643123614
-0.006747758947312832 -0.007814396172761917 -0.46000918752345127
-0.002825828967615962 -0.007626466453075409 -0.459919065300548
0.0036962791346013546 -0.007308531552553177 -0.46027502423914574
0.008851549588143826 -0.007191631942987442 -0.460305157934549
0.01343630813062191 -0.007448531687259674 -0.462431024882812
0.026393821462988853 -0.007420159876346588 -0.46423978743315814
0.04067840427160263 -0.0050952136516571045 -0.4668106549716113
0.045781210064888 -0.003287993371486664 -0.46630425390961094
0.04887691140174866 -0.0027718208730220795 -0.46646375593902073
0.04969409108161926 -0.0026817359030246735 -0.4665161909683756
0.04974870756268501 -0.0027278587222099304 -0.46704239314532414
0.04743588715791702 -0.003529869019985199 -0.4668063587520028
0.04499831795692444 -0.003987397998571396 -0.46603173678851856
0.039688292890787125 -0.0047002919018268585 -0.46566218799090486
0.035425540059804916 -0.005113974213600159 -0.4656468099925437
0.02756759710609913 -0.005221471190452576 -0.46609728581637855
0.02756759710609913 -0.005221471190452576 -0.46609728581637855
0.019328609108924866 -0.005233924835920334 -0.4675658250543507
2.463988494127989E-4 -0.005501296371221542 -0.4702312255594295
-0.002115019364282489 -0.005501504987478256 -0.47092180497379366
-0.007447461597621441 -0.005609113723039627 -0.47189467198580903
-0.012301169335842133 -0.00559629499912262 -0.47215848077172545
-0.015030814334750175 -0.005676779896020889 -0.47205764462583016
-0.014810942113399506 -0.006371229887008667 -0.4715116660796715
-0.013298507779836655 -0.007154777646064758 -0.4712520282470382
-0.012423597276210785 -0.007305741310119629 -0.47135526349178575
-0.00936036091297865 -0.0076034702360630035 -0.47122786223996754
-0.00852547213435173 -0.007747188210487366 -0.47146484102477665
-0.007251836359500885 -0.008571814745664597 -0.47130939211121153
-0.007115328684449196 -0.00932076945900917 -0.4715782090591306
-0.007975772954523563 -0.011289771646261215 -0.472892253057846
-0.007975772954523563 -0.011289771646261215 -0.472892253057846
-0.008853788487613201 -0.012610923498868942 -0.47219134205182745
-0.00968213751912117 -0.013340611010789871 -0.4720750289401932
-0.010267120786011219 -0.01347392424941063 -0.47191898398017057
-0.007987224496901035 -0.011819291859865189 -0.46945015959356196
-0.006407612003386021 -0.010925006121397018 -0.46814207605932595
-0.0028057724703103304 -0.009909208863973618 -0.46849934630011075
0.0018492511007934809 -0.009302359074354172 -0.4702882008990984
0.004606636241078377 -0.007521592080593109 -0.4707131839298625
0.005648699589073658 -0.0062258318066596985 -0.47209030626347287
0.0065246145240962505 -0.002850741147994995 -0.4745886945538854
0.008909237571060658 -5.620494484901428E-4 -0.4748514318280402
0.01084511075168848 -3.04393470287323E-5 -0.47385925291111586
0.01239180751144886 8.263438940048218E-4 -0.47347194192936237
0.01232355646789074 0.0010890252888202667 -0.4735656882953609
0.012223097495734692 0.001932680606842041 -0.4724571454899803
0.012882689014077187 0.002418767660856247 -0.4724014747517775
0.013367768377065659 0.002744130790233612 -0.4726295221226957
0.014087353833019733 0.0029580071568489075 -0.47295532111103206
0.01457004901021719 0.003170263022184372 -0.47301897887164396
0.015094426460564137 0.0032022669911384583 -0.4728980789501589
0.015147378668189049 0.004311792552471161 -0.4736846248826518
0.015057813376188278 0.005032889544963837 -0.47581179544539265
0.015057813376188278 0.005032889544963837 -0.47581179544539265
0.01466592587530613 0.0052237920463085175 -0.47678704664319416
0.013564426451921463 0.005323030054569244 -0.4774375717362796
0.01184730976819992 0.005150176584720612 -0.47745193822454196
0.009035926312208176 0.005319871008396149 -0.47834293889254254
0.00823393277823925 0.0055286213755607605 -0.47818450974674465
0.007211284711956978 0.0058872997760772705 -0.47708313512057865
0.006547544151544571 0.005814407020807266 -0.47691803025454815
0.0044566248543560505 0.005974773317575455 -0.47683422612399196
0.003235113574191928 0.006363898515701294 -0.4766084437295805
5.055300425738096E-4 0.0056562237441539764 -0.4760739191923682
-4.202041309326887E-4 0.005152437835931778 -0.4761538592813794
-0.0011537072714418173 0.004481002688407898 -0.47517705836281426
-0.0011537072714418173 0.004481002688407898 -0.47517705836281426
-0.00102843320928514 0.0033456645905971527 -0.47416604437814674
-6.119178142398596E-4 0.002998780459165573 -0.4735719780187944
4.4680829159915447E-4 0.002934880554676056 -0.47368951661488934
0.0012732187751680613 0.002405073493719101 -0.47334851788644583
0.002660516183823347 0.0013487078249454498 -0.4738048510468493
0.0033001513220369816 8.777640759944916E-4 -0.47407056855326113
0.004659693688154221 5.926564335823059E-5 -0.4749915795243167
0.004965134896337986 -5.449652671813965E-4 -0.47631766366128664
0.0036364214029163122 0.0037372373044490814 -0.42726703882064715
0.0023093842901289463 0.007611434906721115 -0.3852950548682528
0.0012000896967947483 0.010499872267246246 -0.3446674561057402
0.0012000896967947483 0.010499872267246246 -0.3446674561057402
0.001250274945050478 0.009626396000385284 -0.3334100460563119
0.0012233336456120014 0.007659148424863815 -0.3362349485907912
0.0015672810841351748 0.00673222541809082 -0.33837876864574384
0.0015672810841351748 0.00673222541809082 -0.33837876864574384
0.002180506009608507 0.005548164248466492 -0.3421331460108478
0.0017476866487413645 -0.0015317760407924652 -0.35047088214061467
0.0028610010631382465 -0.0033530332148075104 -0.3516115958323346
0.003605174133554101 -0.0042264461517333984 -0.352316241942858
0.005263923201709986 -0.006954997777938843 -0.35567416900531684
0.005724446382373571 -0.007383611053228378 -0.35535179607751893
0.005517696496099234 -0.007406275719404221 -0.3558345937001897
0.003911377862095833 -0.006876245141029358 -0.3578845166433026
0.002756146714091301 -0.006306447088718414 -0.35839270584467475
-1.3126246631145477E-4 -0.0033768825232982635 -0.35706054203393955
-0.0010052791330963373 -0.002521682530641556 -0.35607524022669906
-0.0029015287291258574 -4.907771944999695E-4 -0.3575808565638589
-0.0029015287291258574 -4.907771944999695E-4 -0.3575808565638589
-0.003530207322910428 0.0020936354994773865 -0.35745234894972067
-0.003705572569742799 0.0022809654474258423 -0.3574703495524404
-0.004564730450510979 0.0015026070177555084 -0.35726447510940024
-0.00558860320597887 0.0014174990355968475 -0.35759062840339717
-0.005631173960864544 0.0019236281514167786 -0.3577141919981796
-0.005480153486132622 0.0017494596540927887 -0.35779513510578376
-0.0056751566007733345 0.0015450268983840942 -0.35818936022633824
-0.005089184269309044 9.506829082965851E-4 -0.3589577833067869
-0.003999374806880951 -3.3799558877944946E-5 -0.35908736380452916
-0.0023259937297552824 -0.0011402666568756104 -0.3596930662047373
-0.0014327738899737597 -0.0015216395258903503 -0.35934007021762293
-4.7572539187967777E-4 -0.0021403133869171143 -0.3590783862481855
-4.328617360442877E-4 -0.0026488453149795532 -0.3595386533151314
-4.7505018301308155E-4 -0.003375578671693802 -0.3601915625940143
-7.678957190364599E-4 -0.003202959895133972 -0.36016092580660414
-0.0013751860242336988 -0.0026837699115276337 -0.35983776429576003
-0.003054312663152814 -0.001846909523010254 -0.3597992424692411
-0.005131966434419155 -0.0011592283844947815 -0.3595447306360492
-0.0070896148681640625 -9.784288704395294E-4 -0.35963175341742015
-0.008070173673331738 2.4051591753959656E-4 -0.35956010863439347
-0.007471055723726749 3.1151995062828064E-4 -0.35960755393164623
-0.007269890047609806 -1.8941611051559448E-4 -0.3597206822615929
-0.007166678085923195 -5.864091217517853E-4 -0.35921475006664977
-0.005586116574704647 -0.0012456029653549194 -0.3584681422861857
-0.0049759335815906525 -0.0015703514218330383 -0.3584841163309768
-0.0027701922226697206 -0.0019307173788547516 -0.3600910575541305
-0.0021177988965064287 -0.0019524507224559784 -0.36024054600322947
-0.0017479408998042345 -0.0017288774251937866 -0.3602215917261901
-0.0010749625507742167 -0.001082099974155426 -0.3593988618491313
-4.667749162763357E-4 -4.906319081783295E-4 -0.3597665325979941
-6.741145625710487E-5 -1.7499923706054688E-4 -0.3599515454153813
0.003226482542231679 0.0011720992624759674 -0.3589337365012003
0.004425668157637119 0.0016826801002025604 -0.357950736699575
0.005851698108017445 0.0023723505437374115 -0.3566875950674969
0.006626638118177652 0.002244848757982254 -0.35750030356144125
0.007150108925998211 1.6328692436218262E-4 -0.35789856706422907
0.00712275505065918 -6.800442934036255E-4 -0.3579230049685922
0.007102531380951405 -0.0012310333549976349 -0.35822973047059553
0.007229739800095558 -0.0015944093465805054 -0.3592400291995434
0.007305153179913759 -0.0015310607850551605 -0.35892722402377136
0.0066851843148469925 -0.001964457333087921 -0.3584320431556297
0.005541896913200617 -0.0016793832182884216 -0.35839453720692926
0.005223652347922325 -0.001867596060037613 -0.35851446175221713
0.005450396798551083 -6.433054804801941E-4 -0.35850802445059426
0.006522113457322121 1.3904646039009094E-4 -0.3593273498976697
0.007092999294400215 5.314983427524567E-4 -0.36021724724416215
0.007280090823769569 4.7542527318000793E-4 -0.35920824682709124
0.007613472640514374 2.321191132068634E-4 -0.35973756505661914
0.007708580233156681 -3.160834312438965E-4 -0.3595910568397488
0.007088283076882362 -0.0013403892517089844 -0.35997038079909954
0.007088283076882362 -0.0013403892517089844 -0.35997038079909954
0.007177542895078659 -0.0025091320276260376 -0.3713644046943725
0.01205742172896862 -0.01557181403040886 -0.5140671986855758
0.012606268748641014 -0.021842587739229202 -0.6046016141593707
0.014235297217965126 -0.015455890446901321 -0.6309342309654112
0.015389428474009037 -0.010819356888532639 -0.6317286416709733
0.015859663486480713 -0.0052292197942733765 -0.627894155663282
0.013667697086930275 0.002605471760034561 -0.619498960655948
0.01000215020030737 0.009421557188034058 -0.6159348413169639
0.007153353188186884 0.012757677584886551 -0.6077760048761691
0.0037277110386639833 0.01547948643565178 -0.6039793679702989
-9.013980161398649E-4 0.017393700778484344 -0.599512476681544
-0.0028306760359555483 0.017528079450130463 -0.5981509873855909
-0.0044324323534965515 0.01621607318520546 -0.5958799312103562
-0.0044324323534965515 0.01621607318520546 -0.5958799312103562
-0.00444830022752285 0.015844814479351044 -0.5912442446119331
-0.00527572724968195 0.017014838755130768 -0.5592347299799059
-0.00644429586827755 0.01941997930407524 -0.5075337803110238
-4.748743958771229E-5 0.012196574360132217 -0.4561457550272055
-4.748743958771229E-5 0.012196574360132217 -0.4561457550272055
0.005854617338627577 0.0019095055758953094 -0.4632137930139613
0.00931705255061388 -0.005133684724569321 -0.4707631923745558
0.010608268901705742 -0.009506311267614365 -0.47260329371259535
0.010517621412873268 -0.01077873632311821 -0.4777461016731091
0.010436879470944405 -0.01168888434767723 -0.48090955858991447
0.009826451539993286 -0.011547211557626724 -0.4827377522544782
0.009679769165813923 -0.011166978627443314 -0.49009749537275554
0.010170907713472843 -0.012107286602258682 -0.51227439127513
0.014653031714260578 -0.0184612013399601 -0.6316811869212788
0.01581381820142269 -0.02142699435353279 -0.6699099371501613
0.01581381820142269 -0.02142699435353279 -0.7100679705211297
0.016084222123026848 -0.018971238285303116 -0.734120352036648
0.020075276494026184 -0.006591964513063431 -0.7898547480174796
0.021697696298360825 -0.00521508976817131 -0.8239257512589404
0.02254219725728035 -0.002794891595840454 -0.9405393485835554
0.02034418098628521 -4.011206328868866E-4 -0.9670243148616618
0.01677454449236393 0.0059170350432395935 -0.9885537509730898
0.015384959988296032 0.008290912955999374 -1.0077679042628966
0.01572071947157383 0.0060476139187812805 -1.0886814479640716
0.015565972775220871 0.0032488256692886353 -1.15114687727011
0.015027922578155994 -0.002932202070951462 -1.2907337587426495
0.014609847217798233 -0.004368793219327927 -1.3306107040481425
0.0132741779088974 -0.003854569047689438 -1.3665523048476995
0.01147544663399458 0.00542079284787178 -1.3982924934463346
0.012046962976455688 0.01129874587059021 -1.4037365432815403
0.012602983973920345 0.01588324084877968 -1.4033355232314944
0.010757523588836193 0.02169034630060196 -1.3938546632053286
0.008905635215342045 0.025069430470466614 -1.3851918004674084
0.008116540499031544 0.026702336966991425 -1.3813434861821263
0.007723171263933182 0.028344159945845604 -1.3739205621403754
0.007500668987631798 0.02571007050573826 -1.3682295106572202
0.007941731251776218 0.013046633452177048 -1.3628603004613886
0.007631080225110054 0.008254989981651306 -1.3633239554525538
0.0074120936915278435 6.891563534736633E-4 -1.3659196185232392
0.006931148003786802 -0.0029843859374523163 -1.3677273081899881
0.0070552341639995575 -0.007138289511203766 -1.3905220317007296
0.009699435904622078 -0.012497488409280777 -1.4419312762380807
0.010197382420301437 -0.014033433049917221 -1.4613012435943733
0.00827963650226593 -0.012554820626974106 -1.4877479649600251
0.007683830335736275 -0.010284487158060074 -1.489506778818059
0.0044679488055408 -0.00546187162399292 -1.4876101590213064
0.0044679488055408 -0.00546187162399292 -1.4876101590213064
0.001061061630025506 -0.004723899066448212 -1.4858711339053383
-0.003880103351548314 -0.0016396157443523407 -1.4781434691223443
-0.003880103351548314 -0.0016396157443523407 -1.4788980924499708
-0.005520670674741268 -5.50784170627594E-5 -1.4762507694232276
-0.01069730706512928 8.314549922943115E-4 -1.4787374752032565
-0.010531322099268436 -0.0023476406931877136 -1.5094324367511087
-0.008293407037854195 -0.007424313575029373 -1.5602346675860692
-0.002598648192360997 -0.01767280325293541 -1.69091046028016
-2.6449793949723244E-4 -0.020457502454519272 -1.7371094811693735
0.007949450984597206 -0.02504057064652443 -1.9054302702224502
0.01129539031535387 -0.02374107763171196 -1.9844715128219537
0.01372613850980997 -0.022328216582536697 -2.0382067690170285
0.01599361002445221 -0.00999448075890541 -2.1521195898330685
0.015119774267077446 -0.0032748356461524963 -2.1684615145004056
0.01271805725991726 0.016406826674938202 -2.1975299885648267
0.01119103655219078 0.023119190707802773 -2.1974048516078635
0.007495966739952564 0.03145734220743179 -2.1857223412318856
0.005075728055089712 0.035067565739154816 -2.177031745605054
0.005075728055089712 0.035067565739154816 -2.177031745605054
-7.409646641463041E-4 0.038215745240449905 -2.159192914647658
-0.006259300746023655 0.029264599084854126 -2.15016681849448
-0.006894095800817013 0.02511243335902691 -2.148369857663799
-0.007167313247919083 0.020215973258018494 -2.147743055219338
-0.007388599216938019 0.01013033464550972 -2.1468606680580837
-0.006980841979384422 0.004946470260620117 -2.146705457563095
-0.006747690960764885 -0.0011606626212596893 -2.146925041074464
-0.006839185953140259 -0.002949751913547516 -2.146280253491242
-0.008184093981981277 -0.006519917398691177 -2.1467614112637614
-0.008709252811968327 -0.007722798734903336 -2.1471958099148987
-0.010028642602264881 -0.009298708289861679 -2.1487126289151397
-0.011249852366745472 -0.010190699249505997 -2.149909251763654
-0.012664368376135826 -0.010734256356954575 -2.150175326897944
-0.015376467257738113 -0.009749960154294968 -2.150315162188298
-0.017437251284718513 -0.007336363196372986 -2.150559733188892
-0.017761584371328354 -0.0068960972130298615 -2.1507604816324744
-0.01618998311460018 -0.004686824977397919 -2.1505640247233
-0.01455109752714634 -0.0022796206176280975 -2.148921797550464
-0.014060420915484428 -9.065940976142883E-4 -2.147660728974554
-0.013296863064169884 3.21902334690094E-5 -2.147774467761518
-0.013069400563836098 0.0055265650153160095 -2.09594536810637
-0.013587100431323051 0.010377250611782074 -2.040254364306944
-0.013166286051273346 0.01747286692261696 -1.9262955287051324
-0.01199847087264061 0.016938883811235428 -1.903383503253469
-0.007366770878434181 0.010169174522161484 -1.8781044176969774
-0.007366770878434181 0.010169174522161484 -1.8781044176969774
2.0297709852457047E-4 -0.0014457069337368011 -1.8790158919248896
4.912002477794886E-4 -0.002917759120464325 -1.8121270827207863
4.912002477794886E-4 -0.002917759120464325 -1.8121270827207863
-0.0011891780886799097 -0.001444786787033081 -1.7639696291837978
-0.005107956938445568 0.0017352737486362457 -1.6555943583359776
-0.007425825111567974 0.00412268191576004 -1.5826393209911063
-0.009546943008899689 0.009889565408229828 -1.3811997019267754
-0.008968880400061607 0.011264536529779434 -1.2258306585765646
-0.008377227932214737 0.011359184980392456 -1.1751571737743263
-0.007750716991722584 0.010926436632871628 -1.0883146368480332
-0.005811657756567001 0.010152727365493774 -0.9651723944163945
-0.004506674595177174 0.008844990283250809 -0.877778701169453
-0.002061957260593772 0.004757672548294067 -0.7333846744375457
3.1094555743038654E-4 0.0028199106454849243 -0.6607328113394019
0.002034218516200781 7.57165253162384E-5 -0.6201925929861414
0.006100710015743971 -0.0072532109916210175 -0.5790481027441357
0.01088299322873354 -0.01806804910302162 -0.5501783546285954
0.010510548017919064 -0.02174709364771843 -0.545768919638473
0.00808410532772541 -0.026561517268419266 -0.5493937840878736
0.005571125075221062 -0.02810538187623024 -0.555063497108202
0.002669141162186861 -0.02859794721007347 -0.561214696449027
-2.820680383592844E-4 -0.027114059776067734 -0.5703002324521388
-0.0016460136976093054 -0.024711329489946365 -0.5736082902371762
-0.003623655764386058 -0.019510675221681595 -0.577374548772788
-0.005104295909404755 -0.014152821153402328 -0.5793432246506633
-0.006269005127251148 -0.010970767587423325 -0.5809051047623711
-0.008394898846745491 -0.007646288722753525 -0.582661772853194
-0.010526532307267189 -0.0025887899100780487 -0.5845071326554313
-0.011138136498630047 6.215274333953857E-5 -0.5845496903718042
-0.011138136498630047 6.215274333953857E-5 -0.5845496903718042
-0.012111708521842957 0.005591455847024918 -0.5822979080374946
-0.013036085292696953 0.005989115685224533 -0.5815017550596981
-0.012596284970641136 0.005150921642780304 -0.5818190901884753
-0.011734209023416042 0.0045478008687496185 -0.5814785092482188
-0.008966879919171333 0.002975456416606903 -0.5798600629490253
-0.0059290686622262 0.0012948065996170044 -0.5806228770139041
-0.0059290686622262 0.0012948065996170044 -0.5806228770139041
-0.002482954179868102 -0.001939147710800171 -0.5813041581036906
-0.001750332536175847 -0.0029640085995197296 -0.5814815415265336
-4.641246050596237E-5 -0.004068415611982346 -0.5816675080182319
5.567292682826519E-4 -0.004414081573486328 -0.5816346062543037
0.00167097058147192 -0.005129069089889526 -0.580642025972201
0.0020071701146662235 -0.005365367978811264 -0.5808854105159855
0.0024917989503592253 -0.005157548934221268 -0.5805199148342325
0.0033597268629819155 -0.004784859716892242 -0.580764293877814
0.0031303297728300095 -0.004825230687856674 -0.5808335544750477
0.00284176180139184 -0.0047250352799892426 -0.580618024079548
0.00103551778011024 -0.005152251571416855 -0.5822060795799693
4.5039248652756214E-4 -0.0051397904753685 -0.582114472155707
6.441585719585419E-5 -0.005164794623851776 -0.5832476756621691
-0.0020163983572274446 -0.0025295764207839966 -0.5830226085235033
-0.0025319138076156378 -0.0013873875141143799 -0.5836641929198833
-0.0034537070896476507 2.7202069759368896E-4 -0.5845371625472542
-0.005404395051300526 0.0033442527055740356 -0.5833966230741946
-0.006617870181798935 0.005019910633563995 -0.5828548216082081
-0.007232756353914738 0.006153997033834457 -0.5821892761446359
-0.005871457047760487 0.007759951055049896 -0.5805888914324232
-0.004698396660387516 0.0076832398772239685 -0.5804399990297611
-0.0030403861310333014 0.007759261876344681 -0.57991762392294
-0.0015210609417408705 0.006562139838933945 -0.5789198297552397
-0.0011682414915412664 0.0035672038793563843 -0.5798729762144306
-2.339063212275505E-4 -1.7173215746879578E-4 -0.581347595126171
8.898458909243345E-4 -0.001378856599330902 -0.5814550026960585
0.0034731130581349134 -0.003936447203159332 -0.5821516617842022
0.00361910299398005 -0.004512280225753784 -0.5825383767194894
0.00381079176440835 -0.0054328106343746185 -0.5847336414344803
0.0035942199174314737 -0.0037380121648311615 -0.5844891644522877
0.0035942199174314737 -0.0037380121648311615 -0.5844891644522877
-8.760837372392416E-4 -2.2630766034126282E-4 -0.5845691538855879
-0.0028382607270032167 0.0014901980757713318 -0.5841875649497319
-0.004663955420255661 0.004327178001403809 -0.5833774139907856
-0.00519153755158186 0.005158234387636185 -0.582660681086287
-0.006467410363256931 0.00708993524312973 -0.5815115035350067
-0.006427949294447899 0.006892785429954529 -0.5815637172038435
-0.0060863373801112175 0.005605705082416534 -0.5818669856364515
-0.0056310249492526054 0.004346620291471481 -0.5824575484568973
-0.005282926373183727 0.0030288919806480408 -0.5821262177717916
-0.00462816096842289 0.0012418702244758606 -0.5814328451538837
-0.004257971420884132 1.6529858112335205E-4 -0.5816612169498012
-0.004069135524332523 -0.0017975308001041412 -0.5821283981555481
-0.004069135524332523 -0.0017975308001041412 -0.5821283981555481
-0.003977799788117409 -0.004307437688112259 -0.5822685882800597
-0.00444890558719635 -0.006130833178758621 -0.5841401741260184
-0.004419898614287376 -0.0062572285532951355 -0.585169582503563
-0.0043207332491874695 -0.006005056202411652 -0.5847060024985823
-0.004104480147361755 -0.005513530224561691 -0.5842639744529194
-0.0023049518931657076 -0.0048530250787734985 -0.5835985481986545
9.611807763576508E-5 -0.0036284886300563812 -0.5838465035209071
0.0012038976419717073 -0.002639826387166977 -0.5838375628242001
0.002311248332262039 -0.0018169693648815155 -0.5846952106390608
0.003347239224240184 6.847791373729706E-4 -0.5657485473631308
0.0020251749083399773 0.0043194480240345 -0.5228110301969974
7.184580899775028E-4 0.00716622918844223 -0.48525187854751844
-0.004405630752444267 0.017199505120515823 -0.35148761157973984
-0.008518518880009651 0.02458333596587181 -0.22672412281020582
-0.010392013937234879 0.028568757697939873 -0.1345732792864225
-0.010864331386983395 0.03020698018372059 -0.08229423442348324
-0.010864331386983395 0.03020698018372059 -0.08229423442348324
-0.011008357629179955 0.03235870599746704 0.03517877182499064
-0.010236605070531368 0.0326523557305336 0.11449836811557675
-0.006341859698295593 0.030775144696235657 0.24446617683902738
-0.003827131586149335 0.02906688116490841 0.2960751315214769
0.010489080101251602 4.127621650695801E-5 0.42658619497097533
0.010489080101251602 4.127621650695801E-5 0.42658619497097533
0.01095527783036232 -0.014669183641672134 0.43242572162426257
0.009482541121542454 -0.022721078246831894 0.4241303047922931
0.008069755509495735 -0.02814829722046852 0.4165564021853308
0.007476987317204475 -0.03101595863699913 0.4119068226603401
0.007494771387428045 -0.03523263707756996 0.40226359372427933
0.008623841218650341 -0.035413745790719986 0.39790507800312924
0.015783917158842087 -0.03421933576464653 0.349577155182079
0.018869418650865555 -0.03366102650761604 0.31809767729969346
0.021810419857501984 -0.031217332929372787 0.28147682196827867
0.023154987022280693 -0.026513289660215378 0.25898441321582777
0.022289274260401726 -0.012521017342805862 0.2525926968583402
0.021140260621905327 -0.008069347590208054 0.25491514553656464
0.018518423661589622 -0.0022424645721912384 0.25832226624122306
0.018518423661589622 -0.0022424645721912384 0.25832226624122306
0.007240247912704945 0.009347647428512573 0.2703644310437719
0.002338222460821271 0.012090396136045456 0.2771100079022938
4.0974514558911324E-4 0.012386996299028397 0.27865538161011816
-6.187448743730783E-4 0.011925332248210907 0.27945936346940237
-0.0019852977711707354 0.008576136082410812 0.2806699338047902
-0.003128390060737729 0.007370997220277786 0.2833364071934711
-0.004230765625834465 0.006664048880338669 0.2840783658116206
-0.006272576749324799 0.005096156150102615 0.28360057497910673
-0.009344098158180714 0.0020572878420352936 0.28247452403000317
-0.011139837093651295 -2.3949146270751953E-4 0.2810030370009671
-0.012471217662096024 -0.0016736015677452087 0.28074095636258317
-0.013481209054589272 -0.002645328640937805 0.28069136529812366
-0.013481209054589272 -0.002645328640937805 0.28069136529812366
-0.013323692604899406 -0.0019386187195777893 0.28090474992641085
-0.012990444898605347 -0.0010570995509624481 0.28092430024990067
-0.012437181547284126 -8.992105722427368E-5 0.2813916194111088
-0.011762057431042194 4.1331350803375244E-4 0.279706617024892
-0.008023458532989025 -0.003252573311328888 0.2395023304495664
-0.00121027952991426 -0.011760320514440536 0.14909686627721133
0.002424751641228795 -0.016292471438646317 0.09458996835087896
0.005103451665490866 -0.018576759845018387 0.05311836781834655
0.00891818106174469 -0.014357928186655045 0.02859177192153421
0.011387864127755165 -0.012067917734384537 0.023524255001906833
0.012875698506832123 -0.0037991665303707123 0.0021891300324245054
0.009247176349163055 8.135661482810974E-5 -0.006756692683334635
0.004441371653228998 0.003461018204689026 -0.013313322817917006
-0.024051958695054054 0.009762387722730637 -0.019933133875961254
-0.024051958695054054 0.009762387722730637 -0.019933133875961254
-0.06622692942619324 0.01384003832936287 -0.022644286912541677
-0.06622692942619324 0.01384003832936287 -0.022644286912541677
-0.10557332634925842 0.013784531503915787 -0.026271802521820837
-0.12057234346866608 0.011014793068170547 -0.02826641235458386
-0.12057234346866608 0.011014793068170547 -0.02826641235458386
-0.12057234346866608 0.011014793068170547 -0.02826641235458386
-0.13493791222572327 7.652714848518372E-4 -0.031277984493787
-0.13493791222572327 7.652714848518372E-4 -0.031277984493787
-0.1253010779619217 -0.006028119474649429 -0.035628164423557346
-0.1253010779619217 -0.006028119474649429 -0.035628164423557346
-0.1253010779619217 -0.006028119474649429 -0.035628164423557346
-0.10928461700677872 -0.0011884719133377075 -0.021173799646945077
-0.07837565988302231 0.012044474482536316 0.05579641996517562
-0.01265333965420723 0.017447274178266525 0.0894624346364984
0.03141336515545845 0.02178065851330757 0.09621146856441964
0.04578101634979248 0.02355806715786457 0.09665397344723346
0.07623026520013809 0.026138674467802048 0.09510043798581075
0.09324634075164795 0.02617824450135231 0.09342507063046208
0.10651309043169022 0.02530408278107643 0.09213832555904884
0.11430816352367401 0.023628247901797295 0.09917250810757469
0.12537065148353577 0.02025088667869568 0.13564137159481543
0.13227787613868713 0.01682223007082939 0.17157164751186635
0.14166505634784698 0.010279331356287003 0.24558654962673584
0.15124091506004333 -0.009789209812879562 0.3625103586782547
0.1492679864168167 -0.013011466711759567 0.36758748232022076
0.13580749928951263 -0.021516140550374985 0.3699416273702697
0.12299282848834991 -0.024871591478586197 0.3659174793829037
0.09850361943244934 -0.026063907891511917 0.35759047208920264
0.07640247046947479 -0.024412240833044052 0.35210279165402
0.0655568391084671 -0.022318635135889053 0.3500675314535235
0.03605693578720093 -0.014743980020284653 0.3469840639700055
0.021110426634550095 -0.01007009670138359 0.3466767424215437
-0.0038520696107298136 -0.003383088856935501 0.3467723482717637
-0.012414317578077316 -0.0021958202123641968 0.34630397497311577
-0.03766601160168648 -0.002007320523262024 0.3447481745351852
-0.049812134355306625 -0.002845931798219681 0.3441223257650388
-0.049812134355306625 -0.002845931798219681 0.3441223257650388
-0.05930813401937485 -0.0039656758308410645 0.3443640822042525
-0.08239340782165527 -0.008037377148866653 0.34397689043179763
-0.08990737050771713 -0.009363938122987747 0.3430376404394184
-0.10355520248413086 -0.014134440571069717 0.3368906134237396
-0.1006740927696228 -0.014977913349866867 0.3358440750707831
-0.0952499657869339 -0.016816560178995132 0.33565286337032924
-0.08282789587974548 -0.018815521150827408 0.3360202664007327
-0.07544784247875214 -0.018989715725183487 0.3359485024084202
-0.07234043627977371 -0.016430441290140152 0.3354052656759317
-0.0719035342335701 0.006102800369262695 0.3340790623296885
-0.05821849778294563 0.008019533008337021 0.33294192491665076
-0.040936682373285294 0.0071226805448532104 0.3336789959539403
-0.02554059773683548 0.005883466452360153 0.33591798483028806
0.004152307286858559 0.0041167251765728 0.3400620573629322
0.026601186022162437 0.002836402505636215 0.3427086228002556
0.06778673827648163 4.217661917209625E-4 0.3423607700933454
0.07574564963579178 -3.176182508468628E-5 0.3405681007970802
0.06634368002414703 -0.0017793700098991394 0.3368347042669305
0.059644389897584915 -0.002198275178670883 0.3354705923666042
0.04274850711226463 -0.0027064457535743713 0.3339425676931517
0.036789629608392715 -0.0024030841886997223 0.33494869409694883
0.03239673376083374 -0.0022829771041870117 0.33549884496823423
0.02397138997912407 -0.001820988953113556 0.3381584042181115
0.029076436534523964 0.0018454305827617645 0.337510263310816
0.03340310603380203 0.008301537483930588 0.335514819013031
0.026661338284611702 0.014468181878328323 0.3331020229925234
0.01316116750240326 0.014396850019693375 0.33259025751249055
0.003460363717749715 0.013758853077888489 0.33307830034389857
-0.031176218762993813 0.002838134765625 0.33328906236784006
-0.0345483236014843 -0.0015117228031158447 0.3343689793218853
-0.03526590019464493 -0.0070760175585746765 0.3369602316488509
-0.03310991823673248 -0.00893784686923027 0.3374050015081513
-0.015788676217198372 -0.012363251298666 0.3381198996176003
-0.01240633800625801 -0.012228433042764664 0.33688286481992463
-0.012754695490002632 -0.009077299386262894 0.33415845571652875
-0.013189954683184624 -0.004762686789035797 0.3347810858358511
-0.014384221285581589 -0.001248002052307129 0.3353891978455226
-0.014271413907408714 0.0013352036476135254 0.33466648154803075
-0.01247280091047287 0.001705944538116455 0.3338711171681449
-0.010730685666203499 0.001316949725151062 0.3331916242177075
-0.008658112958073616 -1.4960765838623047E-4 0.33260571055955745
-0.006796133704483509 -0.0028147026896476746 0.3331454902226469
-0.006139460951089859 -0.004248209297657013 0.3334062348758474
-0.003395993961021304 -0.00596240907907486 0.3341396182692359
4.026121459901333E-4 -0.006282571703195572 0.33410099445941993
0.008561931550502777 -0.006003860384225845 0.333443793646113
0.012477780692279339 -0.005681093782186508 0.33348504006031426
0.018337411805987358 -0.004845626652240753 0.3340492576277557
0.025999901816248894 -0.003832608461380005 0.33369326883102446
0.03135741129517555 -0.002792190760374069 0.3348100251524503
0.04020538926124573 -0.001412421464920044 0.33357008672981325
0.045159924775362015 -3.489293158054352E-4 0.3325934050205281
0.04866516962647438 7.664002478122711E-4 0.33192619062690737
0.04827266186475754 0.0011351704597473145 0.33220823980598885
0.046669039875268936 0.0016140080988407135 0.3318296311023731
0.04339132085442543 0.0022187232971191406 0.3289630721383985
0.04136285558342934 0.002547450363636017 0.3288277148828306
0.03517743945121765 0.003245960921049118 0.3297337054834298
0.03517743945121765 0.003245960921049118 0.3297337054834298
0.028455300256609917 0.003927212208509445 0.3308163642511391
0.01979236677289009 0.005283758044242859 0.3302724122629174
0.01566021703183651 0.006010398268699646 0.330682515806487
0.01108389813452959 0.007039375603199005 0.33105667461665583
0.007235071621835232 0.007931463420391083 0.33195265163692267
0.0015256658662110567 0.007979128509759903 0.33237429489405235
-7.39141134545207E-4 0.007745899260044098 0.33232088913234664
-0.006359427236020565 0.006756912916898727 0.33141513695034563
-0.010449348948895931 0.0053312815725803375 0.33135996884671953
-0.01211833767592907 0.002769686281681061 0.3306344882415771
-0.011331247165799141 0.0013297051191329956 0.3312348262237591
-0.010126963257789612 1.1233985424041748E-4 0.3320534364151015
-0.006857042200863361 -0.0015212707221508026 0.33309699453581765
-0.0019159943331032991 -0.0027239136397838593 0.3334472314285309
-3.489220980554819E-4 -0.0030846036970615387 0.33264888681640886
0.00404092762619257 -0.002561323344707489 0.3319785866283402
0.007344065234065056 -0.0021077319979667664 0.3320194821566455
0.010099568404257298 -0.0015596747398376465 0.3325633149355797
0.015665408223867416 -5.557611584663391E-4 0.33108571579159374
0.017299199476838112 -5.16153872013092E-4 0.329808149835485
0.02066555991768837 5.0205737352371216E-5 0.32866886665525025
0.02066555991768837 5.0205737352371216E-5 0.3279267371830024
0.022216258570551872 8.848756551742554E-4 0.3278977389143767
0.02303442358970642 0.0017019808292388916 0.32834680030810937
0.02314237505197525 0.0023075267672538757 0.32930154750811624
0.023339487612247467 0.003215596079826355 0.3316030020521802
0.02322312630712986 0.0037312060594558716 0.33232612560259905
0.017661985009908676 -7.331594824790955E-4 0.3295441549207055
0.01438477449119091 -0.002291075885295868 0.3292889639766232
0.01284735556691885 -0.002071179449558258 0.32911420315814227
0.008890322409570217 -0.0011452585458755493 0.32893527001452927
-3.1539355404675007E-4 -1.9178539514541626E-4 0.32945692986559744
-0.003549678483977914 6.541609764099121E-6 0.3299766823680326
-0.012504862621426582 2.6825815439224243E-4 0.33059446643362034
-0.014846105128526688 2.254880964756012E-4 0.32963339845011896
-0.015746407210826874 1.840554177761078E-4 0.32955841580699724
-0.01530788466334343 2.2003427147865295E-4 0.32964615384411305
-0.013588350266218185 3.326982259750366E-4 0.32967261830638883
-0.013588350266218185 3.326982259750366E-4 0.32967261830638883
-0.011519179679453373 1.6961246728897095E-4 0.3290926233623696
-0.009638987481594086 3.3795833587646484E-5 0.32873024665172845
-0.007713738828897476 1.583099365234375E-4 0.32878710948285733
-0.007713738828897476 1.583099365234375E-4 0.32878710948285733
-0.005988676100969315 3.08990478515625E-4 0.32846655570325883
0.002823903225362301 0.0014337487518787384 0.3278974505549389
0.01013848278671503 0.003016844391822815 0.33040258503042236
0.011544705368578434 0.0034808404743671417 0.33033168964014903
0.015514531172811985 0.0036411993205547333 0.3307504718743424
0.016383608803153038 0.0030817314982414246 0.33062697105036076
0.017689278349280357 0.0014677941799163818 0.3309478824578221
0.018142366781830788 0.0012711137533187866 0.3308817213021254
0.018322370946407318 8.620694279670715E-4 0.3308721845589629
0.01885843090713024 -1.1540204286575317E-4 0.329996839135855
0.01833455264568329 -0.001216605305671692 0.3291384259152794
0.017071932554244995 -0.001855418086051941 0.32942262086155943
0.015363853424787521 -0.0028330422937870026 0.3301682749676984
0.013149180449545383 -0.003519069403409958 0.33001223000766927
0.01013630349189043 -0.0039419569075107574 0.3297303000378875
0.008342323824763298 -0.0038592591881752014 0.3297308389709554
0.002552097663283348 -0.004021048545837402 0.33032137718018045
-0.002668253378942609 -0.004186216741800308 0.32979065742309843
-0.007204157300293446 -0.0035965777933597565 0.32943720187958236
-0.011383581906557083 -0.0020472705364227295 0.32795793380554467
-0.014031795784831047 -0.0013806931674480438 0.3264346775036611
-0.015433959662914276 -0.0013353750109672546 0.32607932384013394
-0.01883215270936489 -0.0017257630825042725 0.32367616685216694
-0.01817714050412178 -0.0016007646918296814 0.32414942773168287
-0.017599957063794136 -0.0014152564108371735 0.3250990489322443
-0.018264740705490112 -9.049400687217712E-4 0.3253217318851221
-0.018875600770115852 -2.1046027541160583E-4 0.32519835027043487
-0.020638754591345787 0.0024185478687286377 0.32387192425898004
-0.020638754591345787 0.0024185478687286377 0.32387192425898004
-0.020638754591345787 0.0024185478687286377 0.32387192425898004
-0.020638754591345787 0.0024185478687286377 0.32387192425898004
-0.020638754591345787 0.0024185478687286377 0.32387192425898004
-0.03372230753302574 0.0048263296484947205 0.3218395774200121
-0.03372230753302574 0.0048263296484947205 0.3218395774200121
-0.03372230753302574 0.0048263296484947205 0.3218395774200121
-0.03372230753302574 0.0048263296484947205 0.3218395774200121
-0.03372230753302574 0.0048263296484947205 0.3218395774200121
-0.03372230753302574 0.0048263296484947205 0.3218395774200121
-0.024031853303313255 -4.4182315468788147E-4 0.3246653403827361
-0.017129670828580856 5.414970219135284E-4 0.32887817769024347
-0.017129670828580856 5.414970219135284E-4 0.32887817769024347
-0.011687777936458588 0.0017633289098739624 0.33446868974738375
-0.011687777936458588 0.0017633289098739624 0.33446868974738375
-0.009576518088579178 0.0028267167508602142 0.34039374906590825
-0.009576518088579178 0.0028267167508602142 0.34039374906590825
-0.010868603363633156 0.0036718174815177917 0.34528190567419287
-0.01575007289648056 0.005191624164581299 0.3506666956499012
-0.020411504432559013 0.00633123517036438 0.35527890306262255
-0.023203769698739052 0.006725277751684189 0.359114938791079
-0.023203769698739052 0.006725277751684189 0.359114938791079
-0.023453539237380028 0.0046082548797130585 0.3659737938326362
-0.023453539237380028 0.0046082548797130585 0.3659737938326362
-0.023453539237380028 0.0046082548797130585 0.3659737938326362
-0.016275838017463684 -0.0019387342035770416 0.3695909998098453
-0.016275838017463684 -0.0019387342035770416 0.3695909998098453
-0.016275838017463684 -0.0019387342035770416 0.3695909998098453
