174738597711351288211012110212774111105968173
1017677907975396150466440552129212632
30212188161687986542300
000000000000000000
000000000000000000
000000000000000000
000000000000000000
000000000000000000
000000000000000000
000000000000000000
000000000000000000
000000000000000000
000000000000000000
000000000000000000
000000000000000000
000000000000000000
000000000000000000
000000000000000000
000000000000000000
000000000000000000
000000000000000000
000000000000000000
000000000000000000
000000000000000000
000000000000000000
000000000000000000
000000000000000000
000000000000000000
000000000000000000
000000000000000000
000
0236415181221282436203741373633
534546625459345450527351722849335062
6752522327586834346153644968788712985
11781738857738810986629392644865488169
726680534542383361523328505122232014
1012151411151567944460000
000000000000000000
000000000000000000
000000000000000000
000000000000000000
000000000000000000
000000000000000000
000000000000000000
000000000000000000
000000000000000000
000000000000000000
000000000000000000
000000000000000000
000000000000000000
000000000000000000
000000000000000000
000000000000000000
000000000000000000
000000000000000000
000000000000000000
000000000000000000
000000000000000000
000000000000000000
000000000000000000
000000000000000000
000
000000000000000000
000000000000000000
000000000000000003
4559811162020182631211929224242
444555423937383369664240838441454435
263645484468784050893970119204194145151180
1291091209911911091618816812084575042182825
2146601172857192940646344662915203115
1430151315302716161156000000
000000000000000000
000000000000000000
000000000000000000
000000000000000000
000000000000000000
000000000000000000
000000000000000000
000000000000000000
000000000000000000
000000000000000000
000000000000000000
000000000000000000
000000000000000000
000000000000000000
000000000000000000
000000000000000000
000000000000000000
000000000000000000
000000000000000000
000000000000000000
000000000000000000
000
000000000000000000
000000000000000000
000000000000000000
000000000000000000
000000000000000000
0000000000000000512
9111314222121172655393326232291717
13365410328572138519492741265631507845
42106675579163188154147167157195213240218152140151
1061121271771541661117110061107116751071239310389
9910990798781869380744978515632232916
129131199759600000000
000000000000000000
000000000000000000
000000000000000000
000000000000000000
000000000000000000
000000000000000000
000000000000000000
000000000000000000
000000000000000000
000000000000000000
000000000000000000
000000000000000000
000000000000000000
000000000000000000
000000000000000000
000000000000000000
000000000000000000
000000000000000000
000
000000000000000000
000000000000000000
000000000000000000
000000000000000000
000000000000000000
000000000000000000
000000000000000000
000000000000000000
000000000000007101016
111624333638312433244952405674647070
78969079981051111351171229614711312281688757
5241705963816678141208246195241234230225195118
1321151351511421081166813911014299112981211059078
6851523818920231511132916161115912
996433210000000000
000000000000000000
000000000000000000
000000000000000000
000000000000000000
000000000000000000
000000000000000000
000000000000000000
000000000000000000
000000000000000000
000000000000000000
000000000000000000
000000000000000000
000000000000000000
000000000000000000
000000000000000000
000
000000000000000000
000000000000000000
000000000000000000
000000000000000000
000000000000000000
000000000000000000
000000000000000000
000000000000000000
000000000000000000
000000000000000000
000000000000000000
00000000000081515242017
242131354036392661507452686782817069
675159422313303828213164414632533549
4947443332503435365566415842404878157
1961971337341262523201830231311148811
121515161814121116169997631121
191712783000000000000
000000000000000000
000000000000000000
000000000000000000
000000000000000000
000000000000000000
000000000000000000
000000000000000000
000000000000000000
000000000000000000
000000000000000000
000000000000000000
000000000000000000
000
000000000000000000
000000000000000000
000000000000000000
000000000000000000
000000000000000000
000000000000000000
000000000000000000
000000000000000000
000000000000000000
000000000000000000
000000000000000000
000000000000000000
000000000000000000
000000000000000000
00000000002144471529
45453724131010101010181499117811
1416202327242021353522252527211761115
136118117106108116152140132184213202216207210177180182
16215814214713812614414177524841649883928347
383736212222233943483427282416151316
1699330000000000000
000000000000000000
000000000000000000
000000000000000000
000000000000000000
000000000000000000
000000000000000000
000000000000000000
000000000000000000
000000000000000000
000
000000000000000000
000000000000000000
000000000000000000
000000000000000000
000000000000000000
000000000000000000
000000000000000000
000000000000000000
000000000000000000
000000000000000000
000000000000000000
000000000000000000
000000000000000000
000000000000000000
000000000000000000
000000000000000000
000000000000000000
00000000461421233030334242
454448575457757346313332518673929354
485351363742508611112110297100104858292115
149136123112113151176137145197197173154164133164183181
14412514912311211311711770504744403830332325
20141020131617101313158465542
211000000000000000
000000000000000000
000000000000000000
000000000000000000
000000000000000000
000000000000000000
000000000000000000
000
000000000000000000000000
000000000000000000000000
000000000000000000000000
000000000000000000000000
000000000000000000000000
000000000000000000000000
000000000000000000000000
000000000000000000000000
000000000000000000000000
000000000000000000000000
000000000000000000000000
000000000000000000000000
000000000000000000000000
000000000000000000000000
000000000000000000000000
0000005410132125223031385150484958565159
706948393638353834382931282418372836412640475134
183439354327344128364239403833253652623234333531
33434045292515181282426203745263925142318131418
13201813119765742300000000000
000000000000000000000000
000000000000000000000000
000000000000000
000000000000000000
000000000000000000
000000000000000000
000000000000000000
000000000000000000
000000000000000000
000000000000000000
000000000000000000
000000000000000000
000000000000000000
000000000000000000
000000000000000000
000000000000000000
000000000000000000
000000000000000000
000000000000000000
000000000000000000
000000000000000000
000000000000000000
000000000000000000
000000000000000000
000000000000000000
000000000000000000
000011223359118991212
13201824171511131072126224258345742
244334283546387063544649504648706973
1066572555755634551584066413135304860
464744454459413433334021132129161613
23303221112430151611119575410
000000000000000000
000
000000000000000000
000000000000000000
000000000000000000
000000000000000000
000000000000000000
000000000000000000
000000000000000000
000000000000000000
000000000000000000
000000000000000000
000000000000000000
000000000000000000
000000000000000000
000000000000000000
000000000000000000
000000000000000000
000000000000000000
000000000000000000
000000000000000000
000000000000000000
000000000000000000
000000000000000000
000000000000000000
000000000000000000
000000000000000000
000000000000000000
0022446671181511912111927
212526273140323130333924172741282726
44668052347310564695659635073811244697
12212511361125102991181297770106807764618868
786888
1787175975814214110012610611078787791866790
749494808147254356266229221718234033
3221171071210767105642200
000000000000000000
000000000000000000
000000000000000000
000000000000000000
000000000000000000
000000000000000000
000000000000000000
000000000000000000
000000000000000000
000000000000000000
000000000000000000
000000000000000000
000000000000000000
000000000000000000
000000000000000000
000000000000000000
000000000000000000
000000000000000000
000000000000000000
000000000000000000
000000000000000000
000000000000000000
000000000000000000
000000000000000000
000000000000000000
000000000000000000
000000000000000000
000
0226415201423252521222636333042
395756555636213956297236292531397862
7151432923414431305168566469725911785
80656410947919510665435852715469609270
756241374843302752503634505231222015
714151714121098733360000
000000000000000000
000000000000000000
000000000000000000
000000000000000000
000000000000000000
000000000000000000
000000000000000000
000000000000000000
000000000000000000
000000000000000000
000000000000000000
000000000000000000
000000000000000000
000000000000000000
000000000000000000
000000000000000000
000000000000000000
000000000000000000
000000000000000000
000000000000000000
000000000000000000
000000000000000000
000000000000000000
000000000000000000
000
000000000000000000
000000000000000000
000000000000000003
24412713172015121618282131274842
454228294238302759644650838759414537
164348626051526158693452105201194132138175
129111112881041168785961671126851564191929
1743531142559172937606548673221223018
1929151018332617151256000000
000000000000000000
000000000000000000
000000000000000000
000000000000000000
000000000000000000
000000000000000000
000000000000000000
000000000000000000
000000000000000000
000000000000000000
000000000000000000
000000000000000000
000000000000000000
000000000000000000
000000000000000000
000000000000000000
000000000000000000
000000000000000000
000000000000000000
000000000000000000
000000000000000000
000
000000000000000000
000000000000000000
000000000000000000
000000000000000000
000000000000000000
0000000000000000412
9111612202221242855372623262161119
11334710125591937478895811286145577853
55102664495176180156144181171195203240207142144168
1051041121691521611077110963120118671061231019588
8811085838875868669715078515027233215
127141188748700000000
000000000000000000
000000000000000000
000000000000000000
000000000000000000
000000000000000000
000000000000000000
000000000000000000
000000000000000000
000000000000000000
000000000000000000
000000000000000000
000000000000000000
000000000000000000
000000000000000000
000000000000000000
000000000000000000
000000000000000000
000000000000000000
000
000000000000000000
000000000000000000
000000000000000000
000000000000000000
000000000000000000
000000000000000000
000000000000000000
000000000000000000
000000000000006101017
111521313544302436265453365574696569
79978483100971111251011189814711312569699453
5131756054766565129208247217239228226223193115
13710813013614711112065129110135102102991081017973
64484731162218207121524121156710
534443310000000000
000000000000000000
000000000000000000
000000000000000000
000000000000000000
000000000000000000
000000000000000000
000000000000000000
000000000000000000
000000000000000000
000000000000000000
000000000000000000
000000000000000000
000000000000000000
000000000000000000
000000000000000000
000
000000000000000000
000000000000000000
000000000000000000
000000000000000000
000000000000000000
000000000000000000
000000000000000000
000000000000000000
000000000000000000
000000000000000000
000000000000000000
00000000000081515232017
252030374237402559507153616874786264
644853402032263315223453303216212841
2616334140423931512728625938365275157
196197129684028262423283224201012776
691069106513158887761220
211412883000000000000
000000000000000000
000000000000000000
000000000000000000
000000000000000000
000000000000000000
000000000000000000
000000000000000000
000000000000000000
000000000000000000
000000000000000000
000000000000000000
000000000000000000
000
000000000000000000
000000000000000000
000000000000000000
000000000000000000
000000000000000000
000000000000000000
000000000000000000
000000000000000000
000000000000000000
000000000000000000
000000000000000000
000000000000000000
000000000000000000
000000000000000000
00000000001444381429
4545362213111211121519161489776
71012812151110283321222224252965111
146129116110108112158135133189218199213208206180184183
16214613414913912814314179494839649780938248
363835282424254249443727292716151317
1699400000000000000
000000000000000000
000000000000000000
000000000000000000
000000000000000000
000000000000000000
000000000000000000
000000000000000000
000000000000000000
000000000000000000
000
000000000000000000
000000000000000000
000000000000000000
000000000000000000
000000000000000000
000000000000000000
000000000000000000
000000000000000000
000000000000000000
000000000000000000
000000000000000000
000000000000000000
000000000000000000
000000000000000000
000000000000000000
000000000000000000
000000000000000000
00000000461421223038344343
454945585459757347343331518580939254
465550464046569512413310999106118868392119
157133129127136161149158138194209171164181139153183175
15413815212311912511610076573841283228222824
2013920101213121212137482341
211000000000000000
000000000000000000
000000000000000000
000000000000000000
000000000000000000
000000000000000000
000000000000000000
000
000000000000000000000000
000000000000000000000000
000000000000000000000000
000000000000000000000000
000000000000000000000000
000000000000000000000000
000000000000000000000000
000000000000000000000000
000000000000000000000000
000000000000000000000000
000000000000000000000000
000000000000000000000000
000000000000000000000000
000000000000000000000000
000000000000000000000000
0000005510202225233332365258515459566265
695952443036283231263635292217382227313035444528
264319274421263629304035383138293556433419303525
32362638312315141181515192531153126151820131217
1016141098465332200000000000
000000000000000000000000
000000000000000000000000
000000000000000
000000000000000000000000
000000000000000000000000
000000000000000000000000
000000000000000000000000
000000000000000000000000
000000000000000000000000
000000000000000000000000
000000000000000000000000
000000000000000000000000
000000000000000000000000
000000000000000000000000
000000000000000000000000
000000000000000000000000
000000000000000000000000
000000000000000000000000
000000000000000000000000
000000000000000000000000
0000000000112344510108581210
1316132019141111971415222840224643253544273044
295948444043334255524363626746737759574942252547
562024342938423729282744393439243325172126172622
151718171217231517131212674310000000
000000000000000
000000000000000000
000000000000000000
000000000000000000
000000000000000000
000000000000000000
000000000000000000
000000000000000000
000000000000000000
000000000000000000
000000000000000000
000000000000000000
000000000000000000
000000000000000000
000000000000000000
000000000000000000
000000000000000000
000000000000000000
000000000000000000
000000000000000000
000000000000000000
000000000000000000
000000000000000000
000000000000000000
000000000000000000
000000000000000000
000000000000000000
00125657656111568131118
191918161934303034253728222838294340
323847433662836574718380606871974068
111991116912683889511071861211057591507583
564967
